0.0
0.0
0.0
0.0
0.0
0.0
0.0
0.0
0.0
0.0
0.0
0.0
0.0
0.0
0.0
0.0
0.0
0.0
0.0
0.0
0.0
0.0
0.0
0.0
0.0
0.0
0.0
0.0
0.0
0.0
0.0
0.0
0.0
0.0
0.0
0.0
0.0
0.0
0.0
0.0
0.0
0.0
0.0
0.0
0.0
0.0
0.0
0.0
0.0
0.0
0.0
0.0
0.0
0.0
0.0
0.0
0.0
0.0
0.0
0.0
0.0
0.0
0.0
0.0
0.0
0.0
0.0
0.0
0.0
0.0
0.0
0.0
0.0
0.0
0.0
0.0
0.0
0.0
0.0
0.0
0.0
0.0
0.0
0.0
0.0
0.0
0.0
0.0
0.0
0.0
0.0
0.0
0.0
0.0
0.0
0.0
0.0
0.0
0.0
0.0
0.0
0.0
0.0
0.0
0.0
0.0
0.0
0.0
0.0
0.0
0.0
0.0
0.0
0.0
0.0
0.0
0.0
0.0
0.0
0.0
0.0
0.0
0.0
0.0
0.6929134
1.0
0.92913383
0.2992126
0.0
0.0
0.0
0.0
0.0
0.0
0.0
0.0
0.0
0.0
0.0
0.0
0.0
0.0
0.0
0.0
0.0
0.0
0.0
0.0
0.0
0.0
0.0
0.4094488
0.97637796
1.0
1.0
0.96850395
0.37795275
0.007874016
0.0
0.0
0.0
0.0
0.0
0.0
0.0
0.0
0.0
0.0
0.0
0.0
0.0
0.0
0.0
0.0
0.0
0.0
0.0
0.0
0.38582677
0.984252
1.0
1.0
1.0
1.0
1.0
0.2047244
0.0
0.0
0.0
0.0
0.0
0.0
0.0
0.0
0.0
0.0
0.0
0.0
0.0
0.0
0.0
0.0
0.0
0.0
0.0
0.0
0.71653545
1.0
1.0
1.0
0.72440946
0.9527559
1.0
0.9212598
0.12598425
0.0
0.0
0.0
0.0
0.0
0.0
0.0
0.0
0.0
0.0
0.0
0.0
0.0
0.0
0.0
0.0
0.0
0.0
0.2992126
0.9527559
1.0
1.0
1.0
0.43307087
0.31496063
1.0
1.0
0.7007874
0.0
0.0
0.0
0.0
0.0
0.0
0.0
0.0
0.0
0.0
0.0
0.0
0.0
0.0
0.0
0.0
0.0
0.0
0.8503937
1.0
1.0
0.86614174
1.0
0.5590551
0.03937008
0.8897638
1.0
0.984252
0.24409449
0.0
0.0
0.0
0.0
0.0
0.0
0.0
0.0
0.0
0.0
0.0
0.0
0.0
0.0
0.0
0.0
0.047244094
0.88188976
1.0
1.0
0.21259843
0.7401575
0.8031496
0.0
0.14173228
0.9527559
1.0
0.86614174
0.05511811
0.0
0.0
0.0
0.0
0.0
0.0
0.0
0.0
0.0
0.0
0.0
0.0
0.0
0.0
0.0
0.22834645
1.0
1.0
0.87401575
0.09448819
0.05511811
0.27559054
0.0
0.0
0.28346455
0.984252
1.0
0.4094488
0.0
0.0
0.0
0.0
0.0
0.0
0.0
0.0
0.0
0.0
0.0
0.0
0.0
0.0
0.0
0.22834645
1.0
1.0
0.4094488
0.0
0.0
0.0
0.0
0.0
0.0
0.79527557
1.0
0.7322835
0.0
0.0
0.0
0.0
0.0
0.0
0.0
0.0
0.0
0.0
0.0
0.0
0.0
0.0
0.0
0.2992126
1.0
1.0
0.4094488
0.0
0.0
0.0
0.0
0.0
0.0
0.503937
1.0
0.984252
0.28346455
0.0
0.0
0.0
0.0
0.0
0.0
0.0
0.0
0.0
0.0
0.0
0.0
0.0
0.0
0.5984252
1.0
1.0
0.1023622
0.0
0.0
0.0
0.0
0.0
0.0
0.023622047
0.8503937
1.0
0.5984252
0.0
0.0
0.0
0.0
0.0
0.0
0.0
0.0
0.0
0.0
0.0
0.0
0.0
0.0
0.5984252
1.0
1.0
0.031496063
0.0
0.0
0.0
0.0
0.0
0.0
0.0
0.6614173
1.0
0.5984252
0.0
0.0
0.0
0.0
0.0
0.0
0.0
0.0
0.0
0.0
0.0
0.0
0.0
0.0
0.5984252
1.0
1.0
0.031496063
0.0
0.0
0.0
0.0
0.0
0.0
0.0
0.6614173
1.0
0.5984252
0.0
0.0
0.0
0.0
0.0
0.0
0.0
0.0
0.0
0.0
0.0
0.0
0.0
0.0
0.30708662
1.0
1.0
0.33858266
0.0
0.0
0.0
0.0
0.0
0.0
0.0
0.6614173
1.0
0.5984252
0.0
0.0
0.0
0.0
0.0
0.0
0.0
0.0
0.0
0.0
0.0
0.0
0.0
0.0
0.16535433
0.9527559
1.0
0.4094488
0.0
0.0
0.0
0.0
0.0
0.0
0.13385826
0.88188976
1.0
0.5984252
0.0
0.0
0.0
0.0
0.0
0.0
0.0
0.0
0.0
0.0
0.0
0.0
0.0
0.0
0.0
0.8503937
1.0
0.6062992
0.0
0.0
0.0
0.0
0.0
0.0
0.61417323
1.0
1.0
0.25984251
0.0
0.0
0.0
0.0
0.0
0.0
0.0
0.0
0.0
0.0
0.0
0.0
0.0
0.0
0.0
0.54330707
1.0
0.9527559
0.28346455
0.0
0.0
0.0
0.007874016
0.43307087
0.9527559
1.0
0.72440946
0.047244094
0.0
0.0
0.0
0.0
0.0
0.0
0.0
0.0
0.0
0.0
0.0
0.0
0.0
0.0
0.0
0.07086614
0.9212598
1.0
0.96850395
0.51968503
0.26771653
0.28346455
0.7480315
1.0
1.0
1.0
0.22834645
0.0
0.0
0.0
0.0
0.0
0.0
0.0
0.0
0.0
0.0
0.0
0.0
0.0
0.0
0.0
0.0
0.0
0.35433072
0.92913383
1.0
1.0
1.0
1.0
1.0
1.0
0.9448819
0.36220473
0.007874016
0.0
0.0
0.0
0.0
0.0
0.0
0.0
0.0
0.0
0.0
0.0
0.0
0.0
0.0
0.0
0.0
0.0
0.0
0.36220473
0.78740156
1.0
1.0
1.0
1.0
0.5826772
0.14173228
0.0
0.0
0.0
0.0
0.0
0.0
0.0
0.0
0.0
0.0
0.0
0.0
0.0
0.0
0.0
0.0
0.0
0.0
0.0
0.0
0.0
0.0
0.0
0.0
0.0
0.0
0.0
0.0
0.0
0.0
0.0
0.0
0.0
0.0
0.0
0.0
0.0
0.0
0.0
0.0
0.0
0.0
0.0
0.0
0.0
0.0
0.0
0.0
0.0
0.0
0.0
0.0
0.0
0.0
0.0
0.0
0.0
0.0
0.0
0.0
0.0
0.0
0.0
0.0
0.0
0.0
0.0
0.0
0.0
0.0
0.0
0.0
0.0
0.0
0.0
0.0
0.0
0.0
0.0
0.0
0.0
0.0
0.0
0.0
0.0
0.0
0.0
0.0
0.0
0.0
0.0
0.0
0.0
0.0
0.0
0.0
0.0
0.0
0.0
0.0
0.0
0.0
0.0
0.0
0.0
0.0
0.0
0.0
0.0
0.0
0.0
0.0
0.0
0.0
0.0
0.0
0.0
0.0
0.0
0.0
0.0
