0.0
0.0
0.0
0.0
0.0
0.0
0.0
0.0
0.0
0.0
0.0
0.0
0.0
0.0
0.0
0.0
0.0
0.0
0.0
0.0
0.0
0.0
0.0
0.0
0.0
0.0
0.0
0.0
0.0
0.0
0.0
0.0
0.0
0.0
0.0
0.0
0.0
0.0
0.0
0.0
0.0
0.0
0.0
0.0
0.0
0.0
0.0
0.0
0.0
0.0
0.0
0.0
0.0
0.0
0.0
0.0
0.0
0.0
0.0
0.0
0.0
0.0
0.0
0.0
0.0
0.0
0.0
0.0
0.0
0.0
0.0
0.0
0.0
0.0
0.0
0.0
0.0
0.0
0.0
0.0
0.0
0.0
0.0
0.0
0.0
0.0
0.0
0.0
0.0
0.0
0.0
0.0
0.0
0.0
0.0
0.0
0.0
0.0
0.0
0.0
0.0
0.0
0.0
0.0
0.0
0.0
0.0
0.0
0.0
0.0
0.0
0.0
0.0
0.0
0.0
0.0
0.0
0.0
0.0
0.0
0.0
0.0
0.0
0.08661418
0.5826772
0.992126
0.992126
0.992126
0.37795275
0.0
0.0
0.0
0.0
0.0
0.0
0.0
0.0
0.0
0.0
0.0
0.0
0.0
0.0
0.0
0.0
0.0
0.0
0.0
0.0
0.047244094
0.3464567
0.96062994
0.992126
0.992126
0.992126
0.992126
0.992126
0.2913386
0.0
0.0
0.0
0.0
0.0
0.0
0.0
0.0
0.0
0.0
0.0
0.0
0.0
0.0
0.0
0.0
0.0
0.0
0.047244094
0.6771653
0.992126
0.992126
0.992126
0.992126
0.992126
0.992126
0.992126
0.8110236
0.09448819
0.0
0.0
0.0
0.0
0.0
0.0
0.0
0.0
0.0
0.0
0.0
0.0
0.0
0.0
0.0
0.0
0.0
0.5511811
0.992126
0.992126
0.992126
0.992126
0.992126
0.992126
0.8267717
0.992126
0.992126
0.51968503
0.0
0.0
0.0
0.0
0.0
0.0
0.0
0.0
0.0
0.0
0.0
0.0
0.0
0.0
0.0
0.0
0.0
0.62992126
0.992126
0.992126
0.992126
0.992126
0.61417323
0.08661418
0.21259843
0.9527559
0.992126
0.8110236
0.0
0.0
0.0
0.0
0.0
0.0
0.0
0.0
0.0
0.0
0.0
0.0
0.0
0.0
0.0
0.0
0.0
0.37007874
0.92913383
0.9212598
0.7007874
0.2047244
0.0
0.0
0.0
0.6614173
1.0
0.992126
0.26771653
0.0
0.0
0.0
0.0
0.0
0.0
0.0
0.0
0.0
0.0
0.0
0.0
0.0
0.0
0.0
0.0
0.0
0.09448819
0.062992126
0.0
0.0
0.0
0.0
0.0
0.4566929
0.992126
0.992126
0.26771653
0.0
0.0
0.0
0.0
0.0
0.0
0.0
0.0
0.0
0.0
0.0
0.0
0.0
0.0
0.0
0.0
0.0
0.0
0.0
0.0
0.0
0.0
0.0
0.0
0.5748032
0.992126
0.992126
0.26771653
0.0
0.0
0.0
0.0
0.0
0.0
0.0
0.0
0.0
0.0
0.0
0.0
0.0
0.0
0.0
0.0
0.0
0.0
0.0
0.0
0.0
0.0
0.0
0.0
0.9055118
0.992126
0.992126
0.26771653
0.0
0.0
0.0
0.0
0.0
0.0
0.0
0.0
0.0
0.0
0.0
0.0
0.0
0.0
0.0
0.0
0.0
0.0
0.0
0.0
0.0
0.0
0.0
0.53543305
0.984252
0.992126
0.9055118
0.14173228
0.0
0.0
0.0
0.0
0.0
0.0
0.0
0.0
0.0
0.0
0.0
0.0
0.0
0.0
0.0
0.0
0.0
0.0
0.0
0.0
0.0
0.0
0.023622047
0.8346457
0.992126
1.0
0.9133858
0.21259843
0.05511811
0.0
0.0
0.0
0.0
0.0
0.0
0.0
0.0
0.0
0.0
0.0
0.0
0.0
0.0
0.0
0.0
0.0
0.0
0.0
0.18110237
0.26771653
0.7322835
0.992126
0.992126
0.992126
0.992126
0.992126
0.8582677
0.42519686
0.08661418
0.0
0.0
0.0
0.0
0.0
0.0
0.0
0.0
0.0
0.0
0.0
0.0
0.0
0.0
0.0
0.22047244
0.68503934
0.992126
0.992126
0.992126
0.992126
0.992126
0.992126
0.992126
0.992126
0.992126
0.992126
0.8503937
0.38582677
0.0
0.0
0.0
0.0
0.0
0.0
0.0
0.0
0.0
0.0
0.0
0.0
0.062992126
0.48818898
0.96062994
0.992126
0.992126
0.992126
0.992126
0.992126
0.992126
0.992126
0.992126
0.992126
0.992126
0.992126
0.992126
0.96062994
0.6929134
0.36220473
0.031496063
0.0
0.0
0.0
0.0
0.0
0.0
0.0
0.0
0.0
0.38582677
0.992126
0.992126
0.992126
0.992126
0.992126
0.992126
0.992126
0.78740156
0.53543305
0.53543305
0.53543305
0.53543305
0.7401575
0.992126
0.992126
0.992126
0.992126
0.2913386
0.0
0.0
0.0
0.0
0.0
0.0
0.0
0.0
0.5826772
0.992126
0.992126
0.992126
0.992126
1.0
0.992126
0.992126
0.5511811
0.03937008
0.0
0.0
0.0
0.0
0.0
0.0
0.0
0.0
0.0
0.0
0.0
0.0
0.0
0.0
0.0
0.0
0.0
0.0
0.992126
0.992126
0.992126
0.992126
0.992126
0.992126
0.96062994
0.68503934
0.062992126
0.0
0.0
0.0
0.0
0.0
0.0
0.0
0.0
0.0
0.0
0.0
0.0
0.0
0.0
0.0
0.0
0.0
0.0
0.0
0.992126
0.992126
0.992126
0.992126
0.992126
0.96850395
0.5826772
0.0
0.0
0.0
0.0
0.0
0.0
0.0
0.0
0.0
0.0
0.0
0.0
0.0
0.0
0.0
0.0
0.0
0.0
0.0
0.0
0.0
0.62204725
0.992126
0.992126
0.992126
0.992126
0.37007874
0.0
0.0
0.0
0.0
0.0
0.0
0.0
0.0
0.0
0.0
0.0
0.0
0.0
0.0
0.0
0.0
0.0
0.0
0.0
0.0
0.0
0.0
0.13385826
0.992126
0.992126
0.8267717
0.33070865
0.0
0.0
0.0
0.0
0.0
0.0
0.0
0.0
0.0
0.0
0.0
0.0
0.0
0.0
0.0
0.0
0.0
0.0
0.0
0.0
0.0
0.0
0.0
0.0
0.0
0.0
0.0
0.0
0.0
0.0
0.0
0.0
0.0
0.0
0.0
0.0
0.0
0.0
0.0
0.0
0.0
0.0
0.0
0.0
0.0
0.0
0.0
0.0
0.0
0.0
0.0
0.0
0.0
0.0
0.0
0.0
0.0
0.0
0.0
0.0
0.0
0.0
0.0
0.0
0.0
0.0
0.0
0.0
0.0
0.0
0.0
0.0
0.0
0.0
0.0
0.0
0.0
0.0
0.0
0.0
0.0
0.0
0.0
0.0
0.0
0.0
0.0
0.0
0.0
0.0
0.0
0.0
0.0
0.0
0.0
0.0
0.0
0.0
0.0
0.0
0.0
0.0
0.0
0.0
0.0
0.0
0.0
0.0
0.0
0.0
0.0
0.0
0.0
0.0
0.0
0.0
0.0
0.0
0.0
0.0
0.0
0.0
0.0
0.0
0.0
0.0
0.0
0.0
