0.0
0.0
0.0
0.0
0.0
0.0
0.0
0.0
0.0
0.0
0.0
0.0
0.0
0.0
0.0
0.0
0.0
0.0
0.0
0.0
0.0
0.0
0.0
0.0
0.0
0.0
0.0
0.0
0.0
0.0
0.0
0.0
0.0
0.0
0.0
0.0
0.0
0.0
0.0
0.0
0.0
0.0
0.0
0.0
0.0
0.0
0.0
0.0
0.0
0.0
0.0
0.0
0.0
0.0
0.0
0.0
0.0
0.0
0.0
0.0
0.0
0.0
0.0
0.0
0.0
0.0
0.0
0.0
0.0
0.0
0.0
0.0
0.0
0.0
0.0
0.0
0.0
0.0
0.0
0.0
0.0
0.0
0.0
0.0
0.0
0.0
0.0
0.0
0.0
0.0
0.0
0.0
0.0
0.0
0.0
0.0
0.0
0.0
0.0
0.0
0.0
0.0
0.0
0.0
0.0
0.0
0.0
0.0
0.0
0.0
0.0
0.0
0.0
0.0
0.0
0.0
0.0
0.0
0.0
0.0
0.0
0.0
0.0
0.0
0.0
0.0
0.0
0.0
0.0
0.078431375
0.81568635
0.9960785
0.9960785
0.9725491
0.21960786
0.0
0.0
0.0
0.0
0.0
0.0
0.0
0.0
0.0
0.0
0.0
0.0
0.0
0.0
0.0
0.0
0.0
0.0
0.0
0.0
0.0
0.0
0.3921569
0.98823535
0.98823535
0.98823535
0.98823535
0.454902
0.0
0.0
0.0
0.0
0.0
0.0
0.0
0.0
0.0
0.0
0.0
0.0
0.0
0.0
0.0
0.0
0.0
0.0
0.0
0.0
0.3137255
0.79215693
0.9725491
0.98823535
0.98823535
0.98823535
0.98823535
0.454902
0.0
0.0
0.0
0.0
0.0
0.0
0.0
0.0
0.0
0.0
0.0
0.0
0.0
0.0
0.0
0.0
0.0
0.0
0.0
0.42352945
0.9725491
0.98823535
0.98823535
0.98823535
0.98823535
0.98823535
0.9725491
0.26666668
0.0
0.0
0.0
0.0
0.0
0.0
0.0
0.0
0.0
0.0
0.0
0.0
0.0
0.0
0.0
0.0
0.0
0.0
0.6901961
0.96470594
0.98823535
0.98823535
0.98823535
0.98823535
0.98823535
0.98823535
0.4784314
0.0
0.0
0.0
0.0
0.0
0.0
0.0
0.0
0.0
0.0
0.0
0.0
0.0
0.0
0.0
0.0
0.0
0.10980393
0.7686275
0.96470594
0.98823535
0.98823535
0.98823535
0.98823535
0.98823535
0.98823535
0.98823535
0.6117647
0.0
0.0
0.0
0.0
0.0
0.0
0.0
0.0
0.0
0.0
0.0
0.0
0.0
0.0
0.0
0.0
0.0
0.4784314
0.98823535
0.98823535
0.98823535
0.92549026
0.30588236
0.14901961
0.25882354
0.98823535
0.98823535
0.94117653
0.0
0.0
0.0
0.0
0.0
0.0
0.0
0.0
0.0
0.0
0.0
0.0
0.0
0.0
0.0
0.10980393
0.7372549
0.9568628
0.98823535
0.909804
0.5647059
0.14117648
0.0
0.0
0.0627451
0.79215693
0.98823535
0.94117653
0.0
0.0
0.0
0.0
0.0
0.0
0.0
0.0
0.0
0.0
0.0
0.0
0.0
0.0
0.10980393
0.53333336
0.98823535
0.98823535
0.909804
0.26666668
0.0
0.0
0.0
0.0
0.1254902
0.98823535
0.98823535
0.94117653
0.0
0.0
0.0
0.0
0.0
0.0
0.0
0.0
0.0
0.0
0.0
0.0
0.0
0.0
0.5176471
0.98823535
0.98823535
0.909804
0.26666668
0.0
0.0
0.0
0.0
0.04705883
0.6117647
0.98823535
0.98823535
0.54901963
0.0
0.0
0.0
0.0
0.0
0.0
0.0
0.0
0.0
0.0
0.0
0.0
0.0
0.42352945
0.96470594
0.98823535
0.98823535
0.5647059
0.0
0.0
0.0
0.0
0.0
0.27450982
0.98823535
0.98823535
0.9333334
0.10980393
0.0
0.0
0.0
0.0
0.0
0.0
0.0
0.0
0.0
0.0
0.0
0.0
0.09411766
0.9333334
0.98823535
0.98823535
0.38431376
0.04705883
0.0
0.0
0.0
0.0
0.23529413
0.90196085
0.98823535
0.9725491
0.46274513
0.0
0.0
0.0
0.0
0.0
0.0
0.0
0.0
0.0
0.0
0.0
0.0
0.08627451
0.8000001
0.98823535
0.98823535
0.7372549
0.04705883
0.0
0.0
0.0
0.04705883
0.28235295
0.90196085
0.98823535
0.98823535
0.53333336
0.0
0.0
0.0
0.0
0.0
0.0
0.0
0.0
0.0
0.0
0.0
0.0
0.0
0.46274513
0.98823535
0.98823535
0.7372549
0.21176472
0.0
0.0
0.0
0.0
0.3137255
0.98823535
0.98823535
0.96470594
0.50980395
0.1254902
0.0
0.0
0.0
0.0
0.0
0.0
0.0
0.0
0.0
0.0
0.0
0.0
0.0
0.46274513
0.98823535
0.98823535
0.6117647
0.0
0.0
0.0
0.0
0.227451
0.90196085
0.98823535
0.96470594
0.47058827
0.0
0.0
0.0
0.0
0.0
0.0
0.0
0.0
0.0
0.0
0.0
0.0
0.0
0.0
0.0
0.46274513
0.98823535
0.98823535
0.6117647
0.0
0.0
0.24313727
0.6117647
0.90196085
0.98823535
0.98823535
0.5019608
0.0
0.0
0.0
0.0
0.0
0.0
0.0
0.0
0.0
0.0
0.0
0.0
0.0
0.0
0.0
0.0
0.72156864
0.98823535
0.98823535
0.37647063
0.078431375
0.50980395
0.9176471
0.98823535
0.98823535
0.9725491
0.8078432
0.1254902
0.0
0.0
0.0
0.0
0.0
0.0
0.0
0.0
0.0
0.0
0.0
0.0
0.0
0.0
0.0
0.0
0.46274513
0.98823535
0.98823535
0.98823535
0.98823535
0.98823535
0.98823535
0.98823535
0.81568635
0.32941177
0.0
0.0
0.0
0.0
0.0
0.0
0.0
0.0
0.0
0.0
0.0
0.0
0.0
0.0
0.0
0.0
0.0
0.0
0.46274513
0.98823535
0.98823535
0.98823535
0.98823535
0.98823535
0.8078432
0.454902
0.10196079
0.0
0.0
0.0
0.0
0.0
0.0
0.0
0.0
0.0
0.0
0.0
0.0
0.0
0.0
0.0
0.0
0.0
0.0
0.0
0.227451
0.7058824
0.98823535
0.98823535
0.98823535
0.5568628
0.08627451
0.0
0.0
0.0
0.0
0.0
0.0
0.0
0.0
0.0
0.0
0.0
0.0
0.0
0.0
0.0
0.0
0.0
0.0
0.0
0.0
0.0
0.0
0.0
0.0
0.0
0.0
0.0
0.0
0.0
0.0
0.0
0.0
0.0
0.0
0.0
0.0
0.0
0.0
0.0
0.0
0.0
0.0
0.0
0.0
0.0
0.0
0.0
0.0
0.0
0.0
0.0
0.0
0.0
0.0
0.0
0.0
0.0
0.0
0.0
0.0
0.0
0.0
0.0
0.0
0.0
0.0
0.0
0.0
0.0
0.0
0.0
0.0
0.0
0.0
0.0
0.0
0.0
0.0
0.0
0.0
0.0
0.0
0.0
0.0
0.0
0.0
0.0
0.0
0.0
0.0
0.0
0.0
0.0
0.0
0.0
0.0
0.0
0.0
0.0
0.0
0.0
0.0
0.0
0.0
0.0
0.0
0.0
0.0
0.0
0.0
0.0
0.0
0.0
0.0
0.0
0.0
0.0
0.0
0.0
0.0
0.0
0.0
0.0
0.0
0.0
0.0
0.0
0.0
