0.0
0.0
0.0
0.0
0.0
0.0
0.0
0.0
0.0
0.0
0.0
0.0
0.0
0.0
0.0
0.0
0.0
0.0
0.0
0.0
0.0
0.0
0.0
0.0
0.0
0.0
0.0
0.0
0.0
0.0
0.0
0.0
0.0
0.0
0.0
0.0
0.0
0.0
0.0
0.0
0.0
0.0
0.0
0.0
0.0
0.0
0.0
0.0
0.0
0.0
0.0
0.0
0.0
0.0
0.0
0.0
0.0
0.0
0.0
0.0
0.0
0.0
0.0
0.0
0.0
0.0
0.0
0.0
0.0
0.0
0.0
0.0
0.0
0.0
0.0
0.0
0.0
0.0
0.0
0.0
0.0
0.0
0.0
0.0
0.0
0.0
0.0
0.0
0.0
0.0
0.0
0.0
0.0
0.0
0.0
0.0
0.0
0.0
0.0
0.0
0.0
0.0
0.0
0.0
0.0
0.0
0.0
0.0
0.0
0.0
0.0
0.0
0.0
0.0
0.0
0.0
0.0
0.0
0.0
0.0
0.0
0.0
0.0
0.0
0.0
0.0
0.0
0.0
0.0
0.227451
0.9725491
0.8235295
0.09411766
0.0
0.0
0.0
0.0
0.0
0.0
0.0
0.0
0.0
0.0
0.0
0.0
0.0
0.0
0.0
0.0
0.0
0.0
0.0
0.0
0.0
0.0
0.0
0.23529413
0.9568628
0.9960785
0.9960785
0.8000001
0.10980393
0.0
0.0
0.0
0.0
0.0
0.0
0.0
0.0
0.0
0.0
0.0
0.0
0.0
0.0
0.0
0.0
0.0
0.0
0.0
0.0
0.0
0.2509804
0.92549026
0.9960785
0.9960785
0.9960785
0.9960785
0.75294125
0.0
0.0
0.0
0.0
0.0
0.0
0.0
0.0
0.0
0.0
0.0
0.0
0.0
0.0
0.0
0.0
0.0
0.0
0.0
0.0
0.26666668
0.909804
0.9960785
0.9960785
0.9960785
0.9960785
0.9960785
0.9568628
0.28235295
0.0
0.0
0.0
0.0
0.0
0.0
0.0
0.0
0.0
0.0
0.0
0.0
0.0
0.0
0.0
0.0
0.0
0.0
0.25882354
0.909804
0.9960785
0.9176471
0.59607846
0.32156864
0.8313726
0.9960785
0.9960785
0.44705886
0.0
0.0
0.0
0.0
0.0
0.0
0.0
0.0
0.0
0.0
0.0
0.0
0.0
0.0
0.0
0.0
0.0
0.24313727
0.92549026
0.9960785
0.9333334
0.17254902
0.0
0.0
0.13333334
0.8705883
0.9960785
0.9176471
0.0
0.0
0.0
0.0
0.0
0.0
0.0
0.0
0.0
0.0
0.0
0.0
0.0
0.0
0.0
0.0
0.227451
0.9490197
0.9960785
0.9960785
0.8862746
0.0
0.0
0.0
0.0
0.7843138
0.9960785
0.9176471
0.0
0.0
0.0
0.0
0.0
0.0
0.0
0.0
0.0
0.0
0.0
0.0
0.0
0.0
0.0
0.227451
0.9725491
0.9960785
0.9960785
0.909804
0.21176472
0.0
0.0
0.0
0.14117648
0.87843144
0.9960785
0.9176471
0.0
0.0
0.0
0.0
0.0
0.0
0.0
0.0
0.0
0.0
0.0
0.0
0.0
0.0
0.24313727
0.9490197
0.9960785
0.9960785
0.90196085
0.227451
0.0
0.0
0.0
0.0
0.32941177
0.9960785
0.9960785
0.9176471
0.0
0.0
0.0
0.0
0.0
0.0
0.0
0.0
0.0
0.0
0.0
0.0
0.0
0.039215688
0.7058824
0.9960785
0.9960785
0.90196085
0.23529413
0.0
0.0
0.0
0.0
0.0
0.47058827
0.9960785
0.9960785
0.4784314
0.0
0.0
0.0
0.0
0.0
0.0
0.0
0.0
0.0
0.0
0.0
0.0
0.15686275
0.7686275
0.9960785
0.9960785
0.909804
0.227451
0.0
0.0
0.0
0.0
0.0
0.0
0.86274517
0.9960785
0.9960785
0.37647063
0.0
0.0
0.0
0.0
0.0
0.0
0.0
0.0
0.0
0.0
0.0
0.0
0.28235295
0.9960785
0.9960785
0.9960785
0.25882354
0.07058824
0.0
0.0
0.0
0.0
0.0
0.32941177
0.9490197
0.9960785
0.9803922
0.3372549
0.0
0.0
0.0
0.0
0.0
0.0
0.0
0.0
0.0
0.0
0.0
0.18823531
0.8941177
0.9960785
0.9960785
0.6901961
0.19607845
0.28235295
0.0
0.0
0.0
0.0
0.29803923
0.9725491
0.9960785
0.98823535
0.5176471
0.0
0.0
0.0
0.0
0.0
0.0
0.0
0.0
0.0
0.0
0.0
0.0
0.83921576
0.9960785
0.9960785
0.6745098
0.0
0.0
0.0
0.0
0.0
0.0
0.29803923
0.9960785
0.9960785
0.9960785
0.48627454
0.0
0.0
0.0
0.0
0.0
0.0
0.0
0.0
0.0
0.0
0.0
0.0
0.15686275
0.90196085
0.9960785
0.9960785
0.40000004
0.0
0.0
0.0
0.0
0.0
0.32941177
0.9725491
0.9960785
0.9960785
0.6431373
0.1254902
0.0
0.0
0.0
0.0
0.0
0.0
0.0
0.0
0.0
0.0
0.0
0.0
0.38431376
0.9960785
0.9960785
0.87843144
0.054901965
0.0
0.0
0.0
0.26666668
0.72156864
0.9490197
0.9960785
0.9960785
0.86274517
0.09411766
0.0
0.0
0.0
0.0
0.0
0.0
0.0
0.0
0.0
0.0
0.0
0.0
0.0
0.6745098
0.9960785
0.9960785
0.8941177
0.24313727
0.24313727
0.4784314
0.7843138
0.9568628
0.9960785
0.9960785
0.98823535
0.48627454
0.1254902
0.0
0.0
0.0
0.0
0.0
0.0
0.0
0.0
0.0
0.0
0.0
0.0
0.0
0.0
0.38431376
0.9960785
0.9960785
0.9960785
0.9960785
0.9960785
0.9960785
0.9960785
0.9960785
0.96470594
0.77647066
0.28235295
0.0
0.0
0.0
0.0
0.0
0.0
0.0
0.0
0.0
0.0
0.0
0.0
0.0
0.0
0.0
0.0
0.14117648
0.8313726
0.9803922
0.9960785
0.9960785
0.9960785
0.9960785
0.9960785
0.9333334
0.44705886
0.0
0.0
0.0
0.0
0.0
0.0
0.0
0.0
0.0
0.0
0.0
0.0
0.0
0.0
0.0
0.0
0.0
0.0
0.0
0.0
0.46274513
0.9960785
0.9960785
0.9960785
0.7607844
0.454902
0.08627451
0.0
0.0
0.0
0.0
0.0
0.0
0.0
0.0
0.0
0.0
0.0
0.0
0.0
0.0
0.0
0.0
0.0
0.0
0.0
0.0
0.0
0.0
0.0
0.0
0.0
0.0
0.0
0.0
0.0
0.0
0.0
0.0
0.0
0.0
0.0
0.0
0.0
0.0
0.0
0.0
0.0
0.0
0.0
0.0
0.0
0.0
0.0
0.0
0.0
0.0
0.0
0.0
0.0
0.0
0.0
0.0
0.0
0.0
0.0
0.0
0.0
0.0
0.0
0.0
0.0
0.0
0.0
0.0
0.0
0.0
0.0
0.0
0.0
0.0
0.0
0.0
0.0
0.0
0.0
0.0
0.0
0.0
0.0
0.0
0.0
0.0
0.0
0.0
0.0
0.0
0.0
0.0
0.0
0.0
0.0
0.0
0.0
0.0
0.0
0.0
0.0
0.0
0.0
0.0
0.0
0.0
0.0
0.0
0.0
0.0
0.0
0.0
0.0
0.0
0.0
0.0
0.0
0.0
0.0
0.0
0.0
0.0
0.0
0.0
0.0
0.0
