0.0
0.0
0.0
0.0
0.0
0.0
0.0
0.0
0.0
0.0
0.0
0.0
0.0
0.0
0.0
0.0
0.0
0.0
0.0
0.0
0.0
0.0
0.0
0.0
0.0
0.0
0.0
0.0
0.0
0.0
0.0
0.0
0.0
0.0
0.0
0.0
0.0
0.0
0.0
0.0
0.0
0.0
0.0
0.0
0.0
0.0
0.0
0.0
0.0
0.0
0.0
0.0
0.0
0.0
0.0
0.0
0.0
0.0
0.0
0.0
0.0
0.0
0.0
0.0
0.0
0.0
0.0
0.0
0.0
0.0
0.0
0.0
0.0
0.0
0.0
0.0
0.0
0.0
0.0
0.0
0.0
0.0
0.0
0.0
0.0
0.0
0.0
0.0
0.0
0.0
0.0
0.0
0.0
0.0
0.0
0.0
0.0
0.0
0.0
0.0
0.0
0.0
0.0
0.0
0.0
0.0
0.0
0.0
0.0
0.0
0.0
0.0
0.0
0.0
0.0
0.0
0.0
0.0
0.0
0.0
0.0
0.0
0.0
0.0
0.0
0.0
0.0
0.05511811
0.54330707
0.5826772
0.5826772
0.16535433
0.03937008
0.0
0.0
0.0
0.0
0.0
0.0
0.0
0.0
0.0
0.0
0.0
0.0
0.0
0.0
0.0
0.0
0.0
0.0
0.0
0.0
0.0
0.19685039
0.72440946
0.992126
0.992126
0.992126
0.992126
0.6692913
0.16535433
0.0
0.0
0.0
0.0
0.0
0.0
0.0
0.0
0.0
0.0
0.0
0.0
0.0
0.0
0.0
0.0
0.0
0.007874016
0.08661418
0.43307087
0.96062994
0.992126
0.992126
0.992126
0.992126
0.992126
0.992126
0.9527559
0.511811
0.0
0.0
0.0
0.0
0.0
0.0
0.0
0.0
0.0
0.0
0.0
0.0
0.0
0.0
0.0
0.08661418
0.48818898
0.992126
0.992126
0.992126
0.8031496
0.7401575
0.8031496
0.992126
0.992126
0.992126
0.992126
0.9055118
0.11023622
0.0
0.0
0.0
0.0
0.0
0.0
0.0
0.0
0.0
0.0
0.0
0.0
0.0
0.07086614
0.77952754
0.992126
0.992126
0.992126
0.92913383
0.14173228
0.0
0.03937008
0.33858266
0.992126
0.992126
0.992126
0.992126
0.68503934
0.0
0.0
0.0
0.0
0.0
0.0
0.0
0.0
0.0
0.0
0.0
0.0
0.31496063
1.0
0.992126
0.992126
0.992126
0.992126
0.6929134
0.0
0.0
0.0
0.0
0.7559055
0.992126
0.992126
0.992126
0.992126
0.0
0.0
0.0
0.0
0.0
0.0
0.0
0.0
0.0
0.0
0.0
0.18897638
0.9527559
0.992126
0.992126
0.992126
0.496063
0.24409449
0.0
0.0
0.0
0.0
0.0
0.26771653
0.992126
0.992126
0.992126
0.992126
0.0
0.0
0.0
0.0
0.0
0.0
0.0
0.0
0.0
0.0
0.32283464
0.92913383
0.992126
0.992126
0.992126
0.6692913
0.023622047
0.0
0.0
0.0
0.0
0.0
0.0
0.08661418
0.86614174
0.992126
0.992126
0.992126
0.0
0.0
0.0
0.0
0.0
0.0
0.0
0.0
0.0
0.33070865
0.96850395
0.992126
0.992126
0.992126
0.496063
0.023622047
0.0
0.0
0.0
0.0
0.0
0.0
0.0
0.0
0.7480315
0.992126
0.992126
0.992126
0.0
0.0
0.0
0.0
0.0
0.0
0.0
0.0
0.07086614
0.8503937
0.992126
0.992126
0.8188976
0.33858266
0.03937008
0.0
0.0
0.0
0.0
0.0
0.0
0.0
0.0
0.0
0.7480315
0.992126
0.992126
0.992126
0.0
0.0
0.0
0.0
0.0
0.0
0.0
0.0
0.5826772
0.992126
0.992126
0.9527559
0.30708662
0.0
0.0
0.0
0.0
0.0
0.0
0.0
0.0
0.0
0.0
0.48031497
0.992126
0.992126
0.992126
0.92913383
0.0
0.0
0.0
0.0
0.0
0.0
0.0
0.0
0.71653545
0.992126
0.992126
0.7401575
0.0
0.0
0.0
0.0
0.0
0.0
0.0
0.0
0.0
0.0
0.14173228
0.992126
0.992126
0.992126
0.9055118
0.21259843
0.0
0.0
0.0
0.0
0.0
0.0
0.0
0.0
0.992126
0.992126
0.984252
0.33858266
0.0
0.0
0.0
0.0
0.0
0.0
0.0
0.0
0.007874016
0.2913386
0.9448819
0.992126
0.992126
0.984252
0.503937
0.0
0.0
0.0
0.0
0.0
0.0
0.0
0.0
0.0
0.992126
0.992126
0.62992126
0.0
0.0
0.0
0.0
0.0
0.0
0.0
0.0
0.08661418
0.48818898
0.992126
0.992126
0.992126
0.992126
0.62992126
0.0
0.0
0.0
0.0
0.0
0.0
0.0
0.0
0.0
0.0
0.992126
0.992126
0.496063
0.0
0.0
0.0
0.0
0.0
0.0
0.0
0.41732284
0.77952754
0.992126
0.992126
0.992126
0.992126
0.6771653
0.11023622
0.0
0.0
0.0
0.0
0.0
0.0
0.0
0.0
0.0
0.0
1.0
0.992126
0.78740156
0.30708662
0.023622047
0.0
0.0
0.1496063
0.26771653
0.7559055
1.0
0.992126
0.992126
0.992126
0.992126
0.51968503
0.0
0.0
0.0
0.0
0.0
0.0
0.0
0.0
0.0
0.0
0.0
0.0
0.992126
0.992126
0.992126
0.992126
0.78740156
0.7480315
0.7480315
0.96850395
0.992126
0.992126
0.992126
0.992126
0.992126
0.9055118
0.31496063
0.0
0.0
0.0
0.0
0.0
0.0
0.0
0.0
0.0
0.0
0.0
0.0
0.0
0.92913383
0.992126
0.992126
0.992126
0.992126
0.992126
0.992126
0.992126
0.992126
0.992126
0.992126
0.92913383
0.496063
0.062992126
0.0
0.0
0.0
0.0
0.0
0.0
0.0
0.0
0.0
0.0
0.0
0.0
0.0
0.0
0.05511811
0.63779527
0.96850395
0.992126
0.992126
0.992126
0.992126
0.992126
0.992126
0.8897638
0.6771653
0.07874016
0.0
0.0
0.0
0.0
0.0
0.0
0.0
0.0
0.0
0.0
0.0
0.0
0.0
0.0
0.0
0.0
0.0
0.0
0.1496063
0.44094488
0.5748032
0.5748032
0.5748032
0.5748032
0.2992126
0.09448819
0.0
0.0
0.0
0.0
0.0
0.0
0.0
0.0
0.0
0.0
0.0
0.0
0.0
0.0
0.0
0.0
0.0
0.0
0.0
0.0
0.0
0.0
0.0
0.0
0.0
0.0
0.0
0.0
0.0
0.0
0.0
0.0
0.0
0.0
0.0
0.0
0.0
0.0
0.0
0.0
0.0
0.0
0.0
0.0
0.0
0.0
0.0
0.0
0.0
0.0
0.0
0.0
0.0
0.0
0.0
0.0
0.0
0.0
0.0
0.0
0.0
0.0
0.0
0.0
0.0
0.0
0.0
0.0
0.0
0.0
0.0
0.0
0.0
0.0
0.0
0.0
0.0
0.0
0.0
0.0
0.0
0.0
0.0
0.0
0.0
0.0
0.0
0.0
0.0
0.0
0.0
0.0
0.0
0.0
0.0
0.0
0.0
0.0
0.0
0.0
0.0
0.0
0.0
0.0
0.0
0.0
0.0
0.0
0.0
0.0
0.0
0.0
0.0
0.0
0.0
0.0
0.0
0.0
0.0
0.0
0.0
0.0
0.0
0.0
0.0
0.0
