0.0
0.0
0.0
0.0
0.0
0.0
0.0
0.0
0.0
0.0
0.0
0.0
0.0
0.0
0.0
0.0
0.0
0.0
0.0
0.0
0.0
0.0
0.0
0.0
0.0
0.0
0.0
0.0
0.0
0.0
0.0
0.0
0.0
0.0
0.0
0.0
0.0
0.0
0.0
0.0
0.0
0.0
0.0
0.0
0.0
0.0
0.0
0.0
0.0
0.0
0.0
0.0
0.0
0.0
0.0
0.0
0.0
0.0
0.0
0.0
0.0
0.0
0.0
0.0
0.0
0.0
0.0
0.0
0.0
0.0
0.0
0.0
0.0
0.0
0.0
0.0
0.0
0.0
0.0
0.0
0.0
0.0
0.0
0.0
0.0
0.0
0.0
0.0
0.0
0.0
0.0
0.0
0.0
0.0
0.0
0.0
0.0
0.0
0.0
0.007843138
0.3137255
0.6117647
0.8705883
0.96470594
0.4156863
0.0
0.0
0.0
0.0
0.0
0.0
0.0
0.0
0.0
0.0
0.0
0.0
0.0
0.0
0.0
0.0
0.0
0.0
0.0
0.007843138
0.18823531
0.65882355
0.8235295
0.9960785
0.9960785
0.9960785
0.9960785
0.6666667
0.0
0.0
0.0
0.0
0.0
0.0
0.0
0.0
0.0
0.0
0.0
0.0
0.0
0.0
0.0
0.0
0.0
0.0
0.0
0.5176471
0.9960785
0.9960785
0.9960785
0.8313726
0.7372549
0.4784314
0.3529412
0.10196079
0.0
0.0
0.0
0.0
0.0
0.0
0.0
0.0
0.0
0.0
0.0
0.0
0.0
0.0
0.0
0.0
0.0
0.0
0.4784314
0.98823535
0.9960785
0.83921576
0.36862746
0.04705883
0.0
0.0
0.0
0.0
0.0
0.0
0.0
0.0
0.0
0.0
0.0
0.0
0.0
0.0
0.0
0.0
0.0
0.0
0.0
0.0
0.0
0.3137255
0.909804
0.9960785
0.627451
0.007843138
0.0
0.0
0.0
0.0
0.0
0.0
0.0
0.0
0.0
0.0
0.0
0.0
0.0
0.0
0.0
0.0
0.0
0.0
0.0
0.0
0.0
0.0
0.15686275
0.9490197
0.9960785
0.454902
0.023529414
0.0
0.0
0.0
0.0
0.0
0.0
0.0
0.0
0.0
0.0
0.0
0.0
0.0
0.0
0.0
0.0
0.0
0.0
0.0
0.0
0.0
0.0
0.023529414
0.68235296
0.9960785
0.627451
0.015686275
0.0
0.0
0.0
0.0
0.0
0.0
0.0
0.0
0.0
0.0
0.0
0.0
0.0
0.0
0.0
0.0
0.0
0.0
0.0
0.0
0.0
0.0
0.04705883
0.37647063
0.9960785
0.65882355
0.1254902
0.0
0.0
0.0
0.0
0.0
0.0
0.0
0.0
0.0
0.0
0.0
0.0
0.0
0.0
0.0
0.0
0.0
0.0
0.0
0.0
0.0
0.0
0.0
0.25882354
0.9960785
0.8862746
0.0627451
0.0
0.0
0.0
0.0
0.0
0.0
0.0
0.0
0.0
0.0
0.0
0.0
0.0
0.0
0.0
0.0
0.0
0.0
0.0
0.0
0.0
0.0
0.0
0.007843138
0.7058824
0.9803922
0.25882354
0.0
0.0
0.0
0.0
0.0
0.0
0.0
0.0
0.0
0.0
0.0
0.0
0.0
0.0
0.0
0.0
0.0
0.0
0.0
0.0
0.0
0.0
0.0
0.0
0.36078432
0.9960785
0.909804
0.0
0.0
0.0
0.0
0.0
0.0
0.0
0.0
0.0
0.1254902
0.6039216
0.8000001
0.8000001
0.8000001
0.36078432
0.007843138
0.0
0.0
0.0
0.0
0.0
0.0
0.0
0.0
0.0
0.5254902
0.9960785
0.28235295
0.0
0.0
0.0
0.0
0.0
0.0
0.0
0.0
0.21960786
0.8705883
0.9960785
0.9960785
0.9960785
0.9960785
0.9960785
0.21176472
0.0
0.0
0.0
0.0
0.0
0.0
0.0
0.0
0.0
0.8235295
0.9960785
0.14117648
0.0
0.0
0.0
0.0
0.0
0.0
0.0
0.40000004
0.9725491
0.9803922
0.74509805
0.42352945
0.15686275
0.4784314
0.9960785
0.21176472
0.0
0.0
0.0
0.0
0.0
0.0
0.0
0.0
0.0627451
0.8705883
0.9960785
0.14117648
0.0
0.0
0.0
0.0
0.0
0.0
0.023529414
0.9960785
0.9803922
0.37647063
0.0
0.0
0.09411766
0.909804
0.9960785
0.21176472
0.0
0.0
0.0
0.0
0.0
0.0
0.0
0.0
0.10980393
0.909804
0.9960785
0.14117648
0.0
0.0
0.0
0.0
0.0
0.0
0.36862746
0.9960785
0.40000004
0.0
0.0
0.03137255
0.37647063
0.9960785
0.7607844
0.023529414
0.0
0.0
0.0
0.0
0.0
0.0
0.0
0.0
0.0
0.8235295
0.9960785
0.4156863
0.0
0.0
0.0
0.0
0.0
0.0
0.4156863
0.9960785
0.40000004
0.0
0.15686275
0.68235296
0.9960785
0.8862746
0.023529414
0.0
0.0
0.0
0.0
0.0
0.0
0.0
0.0
0.0
0.0
0.46274513
0.9960785
0.90196085
0.04705883
0.0
0.0
0.0
0.0
0.0
0.20392159
0.8941177
0.98823535
0.9176471
0.9568628
0.9960785
0.7607844
0.04705883
0.0
0.0
0.0
0.0
0.0
0.0
0.0
0.0
0.0
0.0
0.0
0.43137258
0.9960785
0.9960785
0.7058824
0.17254902
0.0
0.0
0.0
0.07058824
0.5176471
0.8000001
0.9960785
0.9960785
0.8235295
0.36862746
0.015686275
0.0
0.0
0.0
0.0
0.0
0.0
0.0
0.0
0.0
0.0
0.0
0.0
0.015686275
0.43921572
0.9960785
0.9960785
0.9803922
0.9568628
0.9568628
0.9568628
0.96470594
0.9960785
0.8862746
0.48627454
0.17254902
0.015686275
0.0
0.0
0.0
0.0
0.0
0.0
0.0
0.0
0.0
0.0
0.0
0.0
0.0
0.0
0.0
0.054901965
0.24313727
0.6039216
0.6039216
0.8862746
0.77647066
0.6039216
0.5254902
0.21176472
0.078431375
0.0
0.0
0.0
0.0
0.0
0.0
0.0
0.0
0.0
0.0
0.0
0.0
0.0
0.0
0.0
0.0
0.0
0.0
0.0
0.0
0.0
0.0
0.0
0.0
0.0
0.0
0.0
0.0
0.0
0.0
0.0
0.0
0.0
0.0
0.0
0.0
0.0
0.0
0.0
0.0
0.0
0.0
0.0
0.0
0.0
0.0
0.0
0.0
0.0
0.0
0.0
0.0
0.0
0.0
0.0
0.0
0.0
0.0
0.0
0.0
0.0
0.0
0.0
0.0
0.0
0.0
0.0
0.0
0.0
0.0
0.0
0.0
0.0
0.0
0.0
0.0
0.0
0.0
0.0
0.0
0.0
0.0
0.0
0.0
0.0
0.0
0.0
0.0
0.0
0.0
0.0
0.0
0.0
0.0
0.0
0.0
0.0
0.0
0.0
0.0
0.0
0.0
0.0
0.0
0.0
0.0
0.0
0.0
0.0
0.0
0.0
0.0
0.0
0.0
0.0
0.0
0.0
0.0
0.0
0.0
0.0
0.0
0.0
0.0
0.0
0.0
0.0
0.0
0.0
0.0
0.0
0.0
0.0
0.0
0.0
0.0
0.0
0.0
0.0
0.0
0.0
0.0
0.0
0.0
0.0
0.0
0.0
0.0
0.0
0.0
0.0
