0.0
0.0
0.0
0.0
0.0
0.0
0.0
0.0
0.0
0.0
0.0
0.0
0.0
0.0
0.0
0.0
0.0
0.0
0.0
0.0
0.0
0.0
0.0
0.0
0.0
0.0
0.0
0.0
0.0
0.0
0.0
0.0
0.0
0.0
0.0
0.0
0.0
0.0
0.0
0.0
0.0
0.0
0.0
0.0
0.0
0.0
0.0
0.0
0.0
0.0
0.0
0.0
0.0
0.0
0.0
0.0
0.0
0.0
0.0
0.0
0.0
0.0
0.0
0.0
0.0
0.0
0.0
0.0
0.0
0.0
0.0
0.0
0.0
0.0
0.0
0.0
0.0
0.0
0.0
0.0
0.0
0.0
0.0
0.0
0.0
0.0
0.0
0.0
0.0
0.0
0.0
0.0
0.0
0.0
0.0
0.0
0.0
0.0
0.0
0.0
0.0
0.0
0.0
0.0
0.0
0.0
0.0
0.0
0.0
0.0
0.0
0.0
0.0
0.0
0.0
0.0
0.0
0.0
0.0
0.0
0.0
0.0
0.0
0.0
0.19685039
0.6456693
1.0
1.0
1.0
0.6929134
0.46456692
0.023622047
0.0
0.0
0.0
0.0
0.0
0.0
0.0
0.0
0.0
0.0
0.0
0.0
0.0
0.0
0.0
0.0
0.0
0.0
0.0
0.0
0.92913383
0.992126
0.992126
0.992126
0.992126
0.992126
0.992126
0.7007874
0.047244094
0.0
0.0
0.0
0.0
0.0
0.0
0.0
0.0
0.0
0.0
0.0
0.0
0.0
0.0
0.0
0.0
0.0
0.18110237
0.5748032
0.992126
0.992126
0.992126
0.992126
0.992126
0.992126
0.992126
0.992126
0.6771653
0.22834645
0.0
0.0
0.0
0.0
0.0
0.0
0.0
0.0
0.0
0.0
0.0
0.0
0.0
0.0
0.0
0.1496063
0.6771653
0.992126
0.992126
0.992126
0.992126
0.992126
0.992126
0.992126
0.992126
0.992126
0.992126
0.93700784
0.22047244
0.0
0.0
0.0
0.0
0.0
0.0
0.0
0.0
0.0
0.0
0.0
0.0
0.0
0.0
0.6771653
0.992126
0.992126
0.992126
0.992126
0.992126
0.8976378
0.87401575
0.992126
0.992126
0.992126
0.992126
0.992126
0.77165353
0.33070865
0.0
0.0
0.0
0.0
0.0
0.0
0.0
0.0
0.0
0.0
0.0
0.0
0.15748031
0.86614174
0.992126
0.992126
0.992126
0.97637796
0.503937
0.11023622
0.047244094
0.41732284
0.96850395
0.992126
0.992126
0.992126
0.992126
0.9133858
0.0
0.0
0.0
0.0
0.0
0.0
0.0
0.0
0.0
0.0
0.0
0.15748031
0.88188976
0.992126
0.992126
0.992126
0.992126
0.6456693
0.0
0.0
0.0
0.0
0.23622048
0.96850395
0.992126
0.992126
0.992126
0.9133858
0.0
0.0
0.0
0.0
0.0
0.0
0.0
0.0
0.0
0.0
0.0
0.52755904
0.992126
0.992126
0.992126
0.992126
0.992126
0.984252
0.18110237
0.0
0.0
0.0
0.0
0.9448819
0.992126
0.992126
0.992126
0.992126
0.6771653
0.0
0.0
0.0
0.0
0.0
0.0
0.0
0.0
0.0
0.13385826
0.8897638
0.992126
0.992126
0.992126
0.992126
0.992126
0.992126
0.18110237
0.0
0.0
0.0
0.0
0.9448819
0.992126
0.992126
0.992126
0.9212598
0.1023622
0.0
0.0
0.0
0.0
0.0
0.0
0.0
0.0
0.0
0.51968503
0.992126
0.992126
0.992126
0.992126
0.992126
0.992126
0.8976378
0.13385826
0.0
0.0
0.0
0.0
0.9448819
0.992126
0.992126
0.992126
0.93700784
0.12598425
0.0
0.0
0.0
0.0
0.0
0.0
0.0
0.0
0.0
0.9212598
0.992126
0.992126
0.992126
0.984252
0.8031496
0.5669291
0.17322835
0.0
0.0
0.0
0.0
0.36220473
0.984252
0.992126
0.992126
0.992126
0.992126
0.4566929
0.0
0.0
0.0
0.0
0.0
0.0
0.0
0.0
0.0
0.9212598
0.992126
0.992126
0.992126
0.93700784
0.0
0.0
0.0
0.0
0.0
0.0
0.07874016
0.8188976
0.992126
0.992126
0.992126
0.992126
0.9448819
0.15748031
0.0
0.0
0.0
0.0
0.0
0.0
0.0
0.0
0.25984251
0.96062994
0.992126
0.992126
0.992126
0.92913383
0.0
0.0
0.0
0.0
0.007874016
0.08661418
0.8110236
0.992126
0.992126
0.992126
0.992126
0.992126
0.8976378
0.0
0.0
0.0
0.0
0.0
0.0
0.0
0.0
0.0
0.46456692
0.992126
0.992126
0.992126
0.992126
0.4015748
0.0
0.0
0.0
0.0
0.4566929
0.992126
0.992126
0.992126
0.992126
0.992126
0.992126
0.9133858
0.18897638
0.0
0.0
0.0
0.0
0.0
0.0
0.0
0.0
0.0
0.46456692
0.992126
0.992126
0.992126
0.992126
0.63779527
0.4094488
0.7007874
0.8897638
0.9448819
0.984252
0.992126
0.992126
0.992126
0.992126
0.992126
0.992126
0.32283464
0.0
0.0
0.0
0.0
0.0
0.0
0.0
0.0
0.0
0.0
0.5984252
0.96850395
0.992126
0.992126
0.992126
0.992126
0.992126
0.992126
0.992126
0.992126
0.992126
0.992126
0.992126
0.992126
0.17322835
0.13385826
0.13385826
0.03937008
0.0
0.0
0.0
0.0
0.0
0.0
0.0
0.0
0.0
0.0
0.11023622
0.93700784
0.992126
0.992126
0.992126
0.992126
0.992126
0.992126
0.992126
0.992126
0.992126
0.992126
0.992126
0.992126
0.18110237
0.0
0.0
0.0
0.0
0.0
0.0
0.0
0.0
0.0
0.0
0.0
0.0
0.0
0.13385826
0.5826772
0.79527557
0.992126
0.992126
0.992126
0.992126
0.992126
0.992126
0.992126
0.992126
0.992126
0.992126
0.5669291
0.17322835
0.0
0.0
0.0
0.0
0.0
0.0
0.0
0.0
0.0
0.0
0.0
0.0
0.0
0.0
0.0
0.11023622
0.77952754
0.9133858
0.96062994
0.992126
0.992126
0.9527559
0.9527559
0.93700784
0.9133858
0.5905512
0.0
0.0
0.0
0.0
0.0
0.0
0.0
0.0
0.0
0.0
0.0
0.0
0.0
0.0
0.0
0.0
0.0
0.0
0.0
0.0
0.27559054
0.4566929
0.4566929
0.2047244
0.2047244
0.11811024
0.0
0.0
0.0
0.0
0.0
0.0
0.0
0.0
0.0
0.0
0.0
0.0
0.0
0.0
0.0
0.0
0.0
0.0
0.0
0.0
0.0
0.0
0.0
0.0
0.0
0.0
0.0
0.0
0.0
0.0
0.0
0.0
0.0
0.0
0.0
0.0
0.0
0.0
0.0
0.0
0.0
0.0
0.0
0.0
0.0
0.0
0.0
0.0
0.0
0.0
0.0
0.0
0.0
0.0
0.0
0.0
0.0
0.0
0.0
0.0
0.0
0.0
0.0
0.0
0.0
0.0
0.0
0.0
0.0
0.0
0.0
0.0
0.0
0.0
0.0
0.0
0.0
0.0
0.0
0.0
0.0
0.0
0.0
0.0
0.0
0.0
0.0
0.0
0.0
0.0
0.0
0.0
0.0
0.0
0.0
0.0
0.0
0.0
0.0
0.0
0.0
0.0
0.0
0.0
0.0
0.0
0.0
0.0
0.0
0.0
0.0
0.0
0.0
0.0
0.0
0.0
0.0
0.0
0.0
0.0
0.0
0.0
0.0
0.0
