0.0
0.0
0.0
0.0
0.0
0.0
0.0
0.0
0.0
0.0
0.0
0.0
0.0
0.0
0.0
0.0
0.0
0.0
0.0
0.0
0.0
0.0
0.0
0.0
0.0
0.0
0.0
0.0
0.0
0.0
0.0
0.0
0.0
0.0
0.0
0.0
0.0
0.0
0.0
0.0
0.0
0.0
0.0
0.0
0.0
0.0
0.0
0.0
0.0
0.0
0.0
0.0
0.0
0.0
0.0
0.0
0.0
0.0
0.0
0.0
0.0
0.0
0.0
0.0
0.0
0.0
0.0
0.0
0.0
0.0
0.0
0.0
0.0
0.0
0.0
0.0
0.0
0.0
0.0
0.0
0.0
0.0
0.0
0.0
0.0
0.0
0.0
0.0
0.0
0.0
0.0
0.0
0.0
0.0
0.0
0.0
0.0
0.0
0.0
0.0
0.0
0.0
0.0
0.0
0.0
0.0
0.0
0.0
0.0
0.0
0.0
0.0
0.0
0.0
0.0
0.0
0.0
0.0
0.0
0.0
0.0
0.0
0.0
0.0
0.0
0.0
0.0
0.0
0.0
0.0
0.0
0.0
0.0
0.0
0.0
0.0
0.0
0.0
0.0
0.0
0.0
0.0
0.0
0.0
0.0
0.0
0.0
0.0
0.0
0.0
0.0
0.0
0.0
0.0
0.0
0.0
0.0
0.26666668
0.46274513
0.46274513
0.46274513
0.46274513
0.38431376
0.0
0.0
0.0
0.0
0.0
0.0
0.0
0.0
0.0
0.0
0.0
0.0
0.0
0.0
0.0
0.0
0.0
0.0
0.0
0.3137255
0.4784314
0.9176471
0.9568628
0.98823535
0.98823535
0.98823535
0.98823535
0.9803922
0.34509805
0.0
0.0
0.0
0.0
0.0
0.0
0.0
0.0
0.0
0.0
0.0
0.0
0.0
0.0
0.0
0.0
0.1254902
0.48627454
0.96470594
0.98823535
0.98823535
0.98823535
0.8470589
0.4784314
0.32941177
0.92549026
0.98823535
0.8470589
0.14117648
0.0
0.0
0.0
0.0
0.0
0.0
0.0
0.0
0.0
0.0
0.0
0.0
0.0
0.0
0.10980393
0.8470589
0.98823535
0.98823535
0.9490197
0.77647066
0.47058827
0.11764707
0.0
0.0
0.37647063
0.98823535
0.98823535
0.454902
0.0
0.0
0.0
0.0
0.0
0.0
0.0
0.0
0.0
0.0
0.0
0.0
0.0
0.10980393
0.83921576
0.98823535
0.98823535
0.98823535
0.8000001
0.0
0.0
0.0
0.0
0.0
0.24313727
0.98823535
0.98823535
0.81568635
0.0
0.0
0.0
0.0
0.0
0.0
0.0
0.0
0.0
0.0
0.0
0.0
0.007843138
0.6117647
0.98823535
0.98823535
0.98823535
0.98823535
0.4784314
0.0
0.0
0.0
0.0
0.0
0.10980393
0.8313726
0.98823535
0.98823535
0.0
0.0
0.0
0.0
0.0
0.0
0.0
0.0
0.0
0.0
0.0
0.10980393
0.5803922
0.98823535
0.98823535
0.98823535
0.98823535
0.854902
0.1254902
0.0
0.0
0.0
0.0
0.0
0.24313727
0.98823535
0.98823535
0.98823535
0.0
0.0
0.0
0.0
0.0
0.0
0.0
0.0
0.0
0.0
0.0
0.21960786
0.98823535
0.98823535
0.98823535
0.98823535
0.83921576
0.40784317
0.0
0.0
0.0
0.0
0.0
0.0
0.24313727
0.98823535
0.98823535
0.46274513
0.0
0.0
0.0
0.0
0.0
0.0
0.0
0.0
0.0
0.0
0.0
0.69803923
0.98823535
0.98823535
0.98823535
0.98823535
0.15686275
0.0
0.0
0.0
0.0
0.0
0.0
0.0
0.43137258
0.98823535
0.96470594
0.29803923
0.0
0.0
0.0
0.0
0.0
0.0
0.0
0.0
0.0
0.0
0.68235296
0.9490197
0.98823535
0.98823535
0.854902
0.19607845
0.015686275
0.0
0.0
0.0
0.0
0.0
0.0
0.09411766
0.83921576
0.98823535
0.909804
0.0
0.0
0.0
0.0
0.0
0.0
0.0
0.0
0.0
0.0
0.078431375
0.86274517
0.98823535
0.98823535
0.8470589
0.1254902
0.0
0.0
0.0
0.0
0.0
0.0
0.0
0.0
0.72156864
0.98823535
0.98823535
0.5176471
0.0
0.0
0.0
0.0
0.0
0.0
0.0
0.0
0.0
0.04705883
0.7372549
0.98823535
0.98823535
0.90196085
0.14117648
0.0
0.0
0.0
0.0
0.0
0.0
0.0
0.0
0.32941177
0.9490197
0.96470594
0.79215693
0.13333334
0.0
0.0
0.0
0.0
0.0
0.0
0.0
0.0
0.0
0.46274513
0.98823535
0.98823535
0.8705883
0.37647063
0.0
0.0
0.0
0.0
0.0
0.0
0.0
0.0
0.29803923
0.9725491
0.98823535
0.7372549
0.0
0.0
0.0
0.0
0.0
0.0
0.0
0.0
0.0
0.0
0.0
0.46274513
0.98823535
0.98823535
0.77647066
0.0
0.0
0.0
0.0
0.0
0.0
0.0
0.054901965
0.5019608
0.98823535
0.98823535
0.8313726
0.10980393
0.0
0.0
0.0
0.0
0.0
0.0
0.0
0.0
0.0
0.0
0.0
0.9725491
0.98823535
0.98823535
0.26666668
0.0
0.0
0.0
0.0
0.0
0.10980393
0.8000001
0.9490197
0.98823535
0.98823535
0.8235295
0.10196079
0.0
0.0
0.0
0.0
0.0
0.0
0.0
0.0
0.0
0.0
0.0
0.0
0.9960785
0.98823535
0.98823535
0.48627454
0.32941177
0.32941177
0.32941177
0.32941177
0.8078432
0.8941177
0.98823535
0.98823535
0.98823535
0.8313726
0.10196079
0.0
0.0
0.0
0.0
0.0
0.0
0.0
0.0
0.0
0.0
0.0
0.0
0.0
0.9960785
0.98823535
0.98823535
0.98823535
0.98823535
0.98823535
0.98823535
0.98823535
0.98823535
0.98823535
0.94117653
0.6901961
0.21176472
0.10980393
0.0
0.0
0.0
0.0
0.0
0.0
0.0
0.0
0.0
0.0
0.0
0.0
0.0
0.0
0.6117647
0.98823535
0.98823535
0.98823535
0.98823535
0.98823535
0.98823535
0.9176471
0.8313726
0.8313726
0.37647063
0.0
0.0
0.0
0.0
0.0
0.0
0.0
0.0
0.0
0.0
0.0
0.0
0.0
0.0
0.0
0.0
0.0
0.17254902
0.5803922
0.909804
0.909804
0.909804
0.5882353
0.37647063
0.21176472
0.0
0.0
0.0
0.0
0.0
0.0
0.0
0.0
0.0
0.0
0.0
0.0
0.0
0.0
0.0
0.0
0.0
0.0
0.0
0.0
0.0
0.0
0.0
0.0
0.0
0.0
0.0
0.0
0.0
0.0
0.0
0.0
0.0
0.0
0.0
0.0
0.0
0.0
0.0
0.0
0.0
0.0
0.0
0.0
0.0
0.0
0.0
0.0
0.0
0.0
0.0
0.0
0.0
0.0
0.0
0.0
0.0
0.0
0.0
0.0
0.0
0.0
0.0
0.0
0.0
0.0
0.0
0.0
0.0
0.0
0.0
0.0
0.0
0.0
0.0
0.0
0.0
0.0
0.0
0.0
0.0
0.0
0.0
0.0
0.0
0.0
0.0
0.0
0.0
0.0
0.0
0.0
0.0
0.0
0.0
0.0
0.0
0.0
0.0
0.0
0.0
0.0
0.0
0.0
0.0
0.0
0.0
0.0
0.0
0.0
0.0
0.0
0.0
0.0
0.0
0.0
0.0
0.0
0.0
0.0
0.0
0.0
0.0
0.0
0.0
0.0
0.0
