0.0
0.0
0.0
0.0
0.0
0.0
0.0
0.0
0.0
0.0
0.0
0.0
0.0
0.0
0.0
0.0
0.0
0.0
0.0
0.0
0.0
0.0
0.0
0.0
0.0
0.0
0.0
0.0
0.0
0.0
0.0
0.0
0.0
0.0
0.0
0.0
0.0
0.0
0.0
0.0
0.0
0.0
0.0
0.0
0.0
0.0
0.0
0.0
0.0
0.0
0.0
0.0
0.0
0.0
0.0
0.0
0.0
0.0
0.0
0.0
0.0
0.0
0.0
0.0
0.0
0.0
0.0
0.0
0.0
0.0
0.0
0.0
0.0
0.0
0.0
0.0
0.0
0.0
0.0
0.0
0.0
0.0
0.0
0.0
0.0
0.0
0.0
0.0
0.0
0.0
0.0
0.0
0.0
0.0
0.0
0.0
0.0
0.0
0.0
0.0
0.0
0.0
0.0
0.0
0.0
0.0
0.0
0.0
0.0
0.0
0.0
0.0
0.0
0.0
0.0
0.0
0.0
0.0
0.0
0.0
0.0
0.0
0.0
0.0
0.0
0.0
0.0
0.0
0.0
0.0
0.0
0.0
0.0
0.0
0.0
0.0
0.0
0.0
0.0
0.0
0.0
0.0
0.0
0.0
0.0
0.0
0.0
0.0
0.0
0.0
0.0
0.0
0.0
0.0
0.0
0.0
0.0
0.0
0.0
0.0
0.0
0.0
0.0
0.0
0.0
0.0
0.0
0.0
0.0
0.0
0.0
0.0
0.0
0.0
0.0
0.0
0.0
0.0
0.0
0.0
0.0
0.0
0.0
0.0
0.0
0.0
0.0
0.0
0.0
0.0
0.0
0.0
0.0
0.0
0.0
0.0
0.0
0.0
0.0
0.0
0.0
0.0
0.0
0.0
0.0
0.0
0.0
0.0
0.0
0.0
0.015748031
0.023622047
0.18110237
0.27559054
0.511811
0.511811
0.511811
0.511811
0.511811
0.023622047
0.0
0.0
0.0
0.0
0.0
0.0
0.0
0.0
0.0
0.0
0.0
0.0
0.0
0.0
0.007874016
0.047244094
0.047244094
0.16535433
0.88188976
0.992126
0.992126
0.992126
0.992126
0.992126
0.992126
0.992126
0.992126
0.77165353
0.0
0.0
0.0
0.0
0.0
0.0
0.0
0.0
0.0
0.0
0.0
0.0
0.047244094
0.14173228
0.63779527
0.992126
0.992126
0.992126
0.992126
0.992126
0.992126
0.992126
0.96850395
0.70866144
0.96062994
0.9212598
0.9212598
0.992126
0.0
0.0
0.0
0.0
0.0
0.0
0.0
0.0
0.0
0.0
0.007874016
0.38582677
0.8346457
0.992126
0.992126
0.992126
0.92913383
0.8976378
0.96850395
0.992126
0.992126
0.992126
0.6614173
0.68503934
0.62204725
0.007874016
0.0
0.4015748
0.0
0.0
0.0
0.0
0.0
0.0
0.0
0.0
0.0
0.007874016
0.42519686
0.992126
0.992126
0.97637796
0.78740156
0.38582677
0.11023622
0.0
0.4566929
0.992126
0.992126
0.992126
0.992126
0.992126
0.992126
0.07086614
0.0
0.0
0.0
0.0
0.0
0.0
0.0
0.0
0.0
0.0
0.0
0.42519686
0.992126
0.992126
0.8425197
0.30708662
0.0
0.0
0.0
0.0
0.5748032
0.992126
0.992126
0.992126
0.992126
0.992126
0.992126
0.14173228
0.0
0.0
0.0
0.0
0.0
0.0
0.0
0.0
0.0
0.0
0.43307087
0.992126
0.992126
0.8425197
0.13385826
0.0
0.0
0.0
0.1496063
0.6535433
0.9133858
0.992126
0.992126
0.8503937
0.6456693
0.992126
0.992126
0.5511811
0.0
0.0
0.0
0.0
0.0
0.0
0.0
0.0
0.0
0.0
1.0
0.992126
0.9448819
0.12598425
0.023622047
0.26771653
0.68503934
0.68503934
0.7480315
0.992126
0.992126
0.79527557
0.31496063
0.05511811
0.37007874
0.992126
0.992126
0.5511811
0.0
0.0
0.0
0.0
0.0
0.0
0.0
0.0
0.0
0.0
0.8897638
0.992126
0.97637796
0.42519686
0.5511811
0.992126
0.992126
0.992126
0.992126
0.992126
0.6929134
0.2047244
0.0
0.0
0.47244096
0.992126
0.992126
0.21259843
0.0
0.0
0.0
0.0
0.0
0.0
0.0
0.0
0.0
0.0
0.15748031
0.992126
0.992126
0.992126
0.992126
0.992126
0.992126
0.992126
0.9448819
0.39370078
0.062992126
0.0
0.0
0.37007874
0.96062994
0.992126
0.992126
0.07086614
0.0
0.0
0.0
0.0
0.0
0.0
0.0
0.0
0.0
0.0
0.007874016
0.6456693
0.992126
0.992126
0.992126
0.992126
0.992126
0.8110236
0.33070865
0.0
0.0
0.0
0.0
0.8267717
0.992126
0.992126
0.6771653
0.015748031
0.0
0.0
0.0
0.0
0.0
0.0
0.0
0.0
0.0
0.0
0.0
0.11811024
0.48818898
0.87401575
0.992126
0.8110236
0.37795275
0.07086614
0.0
0.0
0.0
0.0
0.0
0.8267717
0.992126
0.992126
0.19685039
0.0
0.0
0.0
0.0
0.0
0.0
0.0
0.0
0.0
0.0
0.0
0.0
0.0
0.0
0.11023622
0.18897638
0.07086614
0.0
0.0
0.0
0.0
0.0
0.0
0.0
0.8267717
0.992126
0.992126
0.09448819
0.0
0.0
0.0
0.0
0.0
0.0
0.0
0.0
0.0
0.0
0.0
0.0
0.0
0.0
0.0
0.0
0.0
0.0
0.0
0.0
0.0
0.0
0.0
0.26771653
0.96850395
0.992126
0.992126
0.09448819
0.0
0.0
0.0
0.0
0.0
0.0
0.0
0.0
0.0
0.0
0.0
0.0
0.0
0.0
0.0
0.0
0.0
0.0
0.0
0.0
0.0
0.0
0.0
0.31496063
0.992126
0.992126
0.6614173
0.015748031
0.0
0.0
0.0
0.0
0.0
0.0
0.0
0.0
0.0
0.0
0.0
0.0
0.0
0.0
0.0
0.0
0.0
0.0
0.0
0.0
0.0
0.0
0.0
0.31496063
0.992126
0.992126
0.17322835
0.0
0.0
0.0
0.0
0.0
0.0
0.0
0.0
0.0
0.0
0.0
0.0
0.0
0.0
0.0
0.0
0.0
0.0
0.0
0.0
0.0
0.0
0.0
0.0
0.31496063
0.992126
0.8425197
0.07086614
0.0
0.0
0.0
0.0
0.0
0.0
0.0
0.0
0.0
0.0
0.0
0.0
0.0
0.0
0.0
0.0
0.0
0.0
0.0
0.0
0.0
0.0
0.0
0.14173228
0.6456693
0.992126
0.62992126
0.0
0.0
0.0
0.0
0.0
0.0
0.0
0.0
0.0
0.0
0.0
0.0
0.0
0.0
0.0
0.0
0.0
0.0
0.0
0.0
0.0
0.0
0.0
0.0
0.0
0.015748031
0.8346457
0.62992126
0.0
0.0
0.0
0.0
0.0
0.0
0.0
0.0
0.0
0.0
0.0
0.0
0.0
0.0
0.0
0.0
0.0
0.0
0.0
0.0
0.0
0.0
0.0
0.0
0.0
0.0
0.18110237
0.07874016
0.0
0.0
0.0
0.0
0.0
0.0
0.0
0.0
0.0
0.0
0.0
0.0
0.0
0.0
0.0
0.0
0.0
0.0
0.0
0.0
0.0
0.0
0.0
0.0
0.0
0.0
0.0
0.0
0.0
0.0
0.0
0.0
0.0
0.0
0.0
0.0
0.0
