0.0
0.0
0.0
0.0
0.0
0.0
0.0
0.0
0.0
0.0
0.0
0.0
0.0
0.0
0.0
0.0
0.0
0.0
0.0
0.0
0.0
0.0
0.0
0.0
0.0
0.0
0.0
0.0
0.0
0.0
0.0
0.0
0.0
0.0
0.0
0.0
0.0
0.0
0.0
0.0
0.0
0.0
0.0
0.0
0.0
0.0
0.0
0.0
0.0
0.0
0.0
0.0
0.0
0.0
0.0
0.0
0.0
0.0
0.0
0.0
0.0
0.0
0.0
0.0
0.0
0.0
0.0
0.0
0.0
0.0
0.0
0.0
0.0
0.0
0.0
0.0
0.0
0.0
0.0
0.0
0.0
0.0
0.0
0.0
0.0
0.0
0.0
0.0
0.0
0.0
0.0
0.0
0.0
0.0
0.0
0.0
0.0
0.0
0.0
0.0
0.0
0.0
0.0
0.0
0.0
0.0
0.0
0.0
0.0
0.0
0.0
0.0
0.0
0.0
0.0
0.0
0.0
0.0
0.0
0.0
0.0
0.0
0.0
0.0
0.0
0.0
0.0
0.0
0.0
0.0
0.0
0.0
0.0
0.0
0.0
0.0
0.0
0.0
0.0
0.0
0.0
0.0
0.0
0.0
0.0
0.0
0.0
0.0
0.0
0.0
0.0
0.0
0.0
0.0
0.0
0.0
0.0
0.0
0.0
0.0
0.0
0.0
0.0
0.0
0.0
0.0
0.0
0.0
0.0
0.0
0.0
0.0
0.0
0.0
0.0
0.0
0.0
0.0
0.0
0.0
0.0
0.007874016
0.24409449
0.24409449
0.17322835
0.0
0.0
0.0
0.0
0.0
0.0
0.0
0.0
0.0
0.0
0.0
0.0
0.0
0.0
0.0
0.0
0.0
0.0
0.0
0.0
0.0
0.0
0.0
0.0
0.031496063
0.992126
0.992126
0.86614174
0.5511811
0.5511811
0.5511811
0.09448819
0.0
0.0
0.0
0.0
0.0
0.0
0.0
0.0
0.0
0.0
0.0
0.0
0.0
0.0
0.0
0.0
0.031496063
0.17322835
0.17322835
0.17322835
0.6771653
0.992126
0.992126
0.992126
0.992126
0.992126
0.992126
0.78740156
0.09448819
0.0
0.0
0.0
0.0
0.0
0.0
0.0
0.0
0.0
0.0
0.0
0.0
0.0
0.0
0.0
0.17322835
0.992126
0.992126
0.992126
0.992126
0.992126
0.992126
0.992126
0.992126
0.992126
0.992126
0.992126
0.7637795
0.11811024
0.0
0.0
0.0
0.0
0.0
0.0
0.0
0.0
0.0
0.0
0.0
0.062992126
0.27559054
0.79527557
0.8267717
0.992126
0.992126
0.992126
0.992126
0.992126
0.992126
0.8897638
0.8897638
0.26771653
0.2047244
0.8582677
0.992126
0.8425197
0.52755904
0.031496063
0.0
0.0
0.0
0.0
0.0
0.0
0.0
0.0
0.12598425
0.77165353
0.992126
0.992126
0.992126
0.992126
0.9527559
0.5748032
0.5748032
0.5748032
0.5748032
0.015748031
0.0
0.0
0.0
0.53543305
0.992126
0.992126
0.992126
0.30708662
0.0
0.0
0.0
0.0
0.0
0.0
0.0
0.0
0.33858266
0.992126
0.992126
0.992126
0.992126
0.97637796
0.37795275
0.0
0.0
0.0
0.0
0.0
0.0
0.0
0.0
0.03937008
0.5905512
0.992126
0.992126
0.30708662
0.0
0.0
0.0
0.0
0.0
0.0
0.0
0.0
1.0
0.992126
0.992126
0.992126
0.92913383
0.33070865
0.0
0.0
0.0
0.0
0.0
0.0
0.0
0.0
0.0
0.0
0.4488189
0.992126
0.992126
0.54330707
0.0
0.0
0.0
0.0
0.0
0.0
0.0
0.0
1.0
0.992126
0.992126
0.992126
0.37007874
0.0
0.0
0.0
0.0
0.0
0.0
0.0
0.0
0.0
0.0
0.0
0.4488189
0.992126
0.992126
0.992126
0.0
0.0
0.0
0.0
0.0
0.0
0.0
0.0
1.0
0.992126
0.992126
0.6062992
0.03937008
0.0
0.0
0.0
0.0
0.0
0.0
0.0
0.0
0.0
0.0
0.8031496
0.97637796
0.992126
0.992126
0.8031496
0.0
0.0
0.0
0.0
0.0
0.0
0.0
0.0
1.0
0.992126
0.992126
0.992126
0.63779527
0.2992126
0.0
0.0
0.0
0.0
0.0
0.0
0.3464567
0.5826772
0.5826772
0.9212598
0.992126
0.992126
0.992126
0.30708662
0.0
0.0
0.0
0.0
0.0
0.0
0.0
0.0
0.8582677
0.992126
0.992126
0.992126
0.992126
0.9448819
0.8267717
0.2047244
0.22834645
0.8976378
0.8976378
0.8976378
0.9527559
0.992126
0.992126
0.992126
0.992126
0.992126
0.9133858
0.24409449
0.0
0.0
0.0
0.0
0.0
0.0
0.0
0.0
0.31496063
0.992126
0.992126
0.992126
0.992126
0.992126
0.992126
0.992126
0.992126
0.992126
0.992126
0.992126
0.992126
0.992126
0.992126
0.992126
0.992126
0.5984252
0.2913386
0.0
0.0
0.0
0.0
0.0
0.0
0.0
0.0
0.0
0.05511811
0.5984252
0.8897638
0.992126
0.992126
0.992126
0.992126
0.992126
0.992126
0.992126
0.992126
0.992126
0.992126
0.96062994
0.8582677
0.28346455
0.16535433
0.03937008
0.0
0.0
0.0
0.0
0.0
0.0
0.0
0.0
0.0
0.0
0.0
0.0
0.13385826
0.54330707
0.54330707
0.54330707
0.5905512
0.992126
0.6771653
0.992126
0.992126
0.5590551
0.54330707
0.43307087
0.0
0.0
0.0
0.0
0.0
0.0
0.0
0.0
0.0
0.0
0.0
0.0
0.0
0.0
0.0
0.0
0.0
0.0
0.0
0.0
0.023622047
0.23622048
0.07086614
0.23622048
0.23622048
0.007874016
0.0
0.0
0.0
0.0
0.0
0.0
0.0
0.0
0.0
0.0
0.0
0.0
0.0
0.0
0.0
0.0
0.0
0.0
0.0
0.0
0.0
0.0
0.0
0.0
0.0
0.0
0.0
0.0
0.0
0.0
0.0
0.0
0.0
0.0
0.0
0.0
0.0
0.0
0.0
0.0
0.0
0.0
0.0
0.0
0.0
0.0
0.0
0.0
0.0
0.0
0.0
0.0
0.0
0.0
0.0
0.0
0.0
0.0
0.0
0.0
0.0
0.0
0.0
0.0
0.0
0.0
0.0
0.0
0.0
0.0
0.0
0.0
0.0
0.0
0.0
0.0
0.0
0.0
0.0
0.0
0.0
0.0
0.0
0.0
0.0
0.0
0.0
0.0
0.0
0.0
0.0
0.0
0.0
0.0
0.0
0.0
0.0
0.0
0.0
0.0
0.0
0.0
0.0
0.0
0.0
0.0
0.0
0.0
0.0
0.0
0.0
0.0
0.0
0.0
0.0
0.0
0.0
0.0
0.0
0.0
0.0
0.0
0.0
0.0
0.0
0.0
0.0
0.0
0.0
0.0
0.0
0.0
0.0
0.0
0.0
0.0
0.0
0.0
0.0
0.0
0.0
0.0
0.0
0.0
0.0
0.0
0.0
0.0
0.0
0.0
0.0
0.0
0.0
0.0
0.0
0.0
0.0
0.0
0.0
0.0
0.0
0.0
0.0
0.0
0.0
0.0
0.0
0.0
0.0
0.0
0.0
0.0
0.0
0.0
0.0
0.0
0.0
0.0
0.0
