0.0
0.0
0.0
0.0
0.0
0.0
0.0
0.0
0.0
0.0
0.0
0.0
0.0
0.0
0.0
0.0
0.0
0.0
0.0
0.0
0.0
0.0
0.0
0.0
0.0
0.0
0.0
0.0
0.0
0.0
0.0
0.0
0.0
0.0
0.0
0.0
0.0
0.0
0.0
0.0
0.0
0.0
0.0
0.0
0.0
0.0
0.0
0.0
0.0
0.0
0.0
0.0
0.0
0.0
0.0
0.0
0.0
0.0
0.0
0.0
0.0
0.0
0.0
0.0
0.0
0.0
0.0
0.0
0.0
0.0
0.0
0.0
0.0
0.0
0.0
0.0
0.0
0.0
0.0
0.0
0.0
0.0
0.0
0.0
0.0
0.0
0.0
0.0
0.0
0.0
0.0
0.0
0.0
0.0
0.0
0.0
0.0
0.0
0.0
0.0
0.0
0.0
0.0
0.0
0.0
0.0
0.0
0.0
0.0
0.0
0.0
0.0
0.0
0.0
0.0
0.0
0.0
0.0
0.0
0.0
0.0
0.0
0.0
0.0
0.0
0.0
0.0
0.0
0.0
0.0
0.0
0.0
0.0
0.0
0.0
0.0
0.0
0.0
0.0
0.0
0.0
0.0
0.0
0.0
0.0
0.0
0.0
0.0
0.0
0.0
0.0
0.0
0.0
0.0
0.0
0.0
0.0
0.0
0.0
0.0
0.0
0.0
0.0
0.0
0.0
0.0
0.0
0.0
0.0
0.0
0.0
0.0
0.0
0.0
0.0
0.0
0.0
0.0
0.0
0.0
0.0
0.13385826
0.46456692
0.46456692
0.37007874
0.0
0.0
0.0
0.0
0.0
0.0
0.0
0.0
0.0
0.0
0.0
0.0
0.0
0.0
0.0
0.0
0.0
0.0
0.0
0.0
0.0
0.0
0.54330707
0.9527559
0.96850395
1.0
1.0
0.992126
0.9527559
0.6062992
0.44094488
0.39370078
0.0
0.0
0.0
0.0
0.0
0.0
0.0
0.0
0.0
0.0
0.0
0.0
0.0
0.0
0.0
0.0
0.15748031
0.86614174
0.992126
1.0
1.0
1.0
1.0
1.0
1.0
1.0
1.0
0.992126
0.62204725
0.18110237
0.0
0.0
0.0
0.0
0.0
0.0
0.0
0.0
0.0
0.0
0.0
0.0
0.0
0.0
0.6535433
1.0
1.0
1.0
1.0
1.0
1.0
1.0
1.0
1.0
1.0
1.0
1.0
0.9212598
0.37795275
0.0
0.0
0.0
0.0
0.0
0.0
0.0
0.0
0.0
0.0
0.0
0.0
0.36220473
0.9212598
1.0
1.0
1.0
1.0
0.9055118
0.63779527
0.63779527
0.63779527
0.63779527
0.68503934
1.0
1.0
1.0
0.984252
0.17322835
0.0
0.0
0.0
0.0
0.0
0.0
0.0
0.0
0.0
0.0
0.0
0.8503937
1.0
1.0
1.0
1.0
0.8503937
0.18897638
0.0
0.0
0.0
0.0
0.015748031
0.47244096
0.86614174
1.0
1.0
0.6535433
0.0
0.0
0.0
0.0
0.0
0.0
0.0
0.0
0.0
0.0
0.78740156
0.984252
1.0
1.0
1.0
0.9055118
0.28346455
0.03937008
0.0
0.0
0.0
0.0
0.0
0.0
0.5905512
1.0
1.0
0.5748032
0.0
0.0
0.0
0.0
0.0
0.0
0.0
0.0
0.0
0.37007874
0.992126
1.0
1.0
1.0
0.9055118
0.22834645
0.0
0.0
0.0
0.0
0.0
0.0
0.0
0.0
0.4488189
1.0
1.0
0.62992126
0.0
0.0
0.0
0.0
0.0
0.0
0.0
0.0
0.37795275
0.87401575
1.0
1.0
1.0
0.71653545
0.1496063
0.0
0.0
0.0
0.0
0.0
0.0
0.0
0.0
0.0
0.48031497
1.0
1.0
0.5984252
0.0
0.0
0.0
0.0
0.0
0.0
0.0
0.0
0.48818898
1.0
1.0
1.0
0.9133858
0.22834645
0.0
0.0
0.0
0.0
0.0
0.0
0.0
0.0
0.0
0.07874016
0.8976378
1.0
1.0
0.48818898
0.0
0.0
0.0
0.0
0.0
0.0
0.0
0.0
0.8582677
1.0
1.0
1.0
0.24409449
0.0
0.0
0.0
0.0
0.0
0.0
0.0
0.0
0.031496063
0.27559054
0.7480315
1.0
1.0
0.87401575
0.13385826
0.0
0.0
0.0
0.0
0.0
0.0
0.0
0.0
0.9133858
1.0
1.0
1.0
0.52755904
0.11811024
0.0
0.0
0.0
0.0
0.0
0.03937008
0.27559054
0.7401575
1.0
1.0
1.0
0.97637796
0.22047244
0.0
0.0
0.0
0.0
0.0
0.0
0.0
0.0
0.0
0.8346457
1.0
1.0
1.0
1.0
0.6929134
0.15748031
0.15748031
0.15748031
0.5511811
0.6692913
0.7401575
1.0
1.0
1.0
1.0
0.9055118
0.5511811
0.1496063
0.0
0.0
0.0
0.0
0.0
0.0
0.0
0.0
0.0
0.6062992
1.0
1.0
1.0
1.0
1.0
1.0
1.0
1.0
1.0
1.0
1.0
1.0
1.0
1.0
0.86614174
0.14173228
0.0
0.0
0.0
0.0
0.0
0.0
0.0
0.0
0.0
0.0
0.0
0.0
0.97637796
1.0
1.0
1.0
1.0
1.0
1.0
1.0
1.0
1.0
1.0
0.984252
0.8188976
0.38582677
0.1496063
0.0
0.0
0.0
0.0
0.0
0.0
0.0
0.0
0.0
0.0
0.0
0.0
0.0
0.63779527
0.9527559
1.0
1.0
1.0
1.0
1.0
1.0
1.0
0.9448819
0.8188976
0.33858266
0.0
0.0
0.0
0.0
0.0
0.0
0.0
0.0
0.0
0.0
0.0
0.0
0.0
0.0
0.0
0.0
0.0
0.41732284
0.9448819
0.9448819
0.9448819
0.9448819
0.51968503
0.43307087
0.43307087
0.11023622
0.0
0.0
0.0
0.0
0.0
0.0
0.0
0.0
0.0
0.0
0.0
0.0
0.0
0.0
0.0
0.0
0.0
0.0
0.0
0.0
0.0
0.0
0.0
0.0
0.0
0.0
0.0
0.0
0.0
0.0
0.0
0.0
0.0
0.0
0.0
0.0
0.0
0.0
0.0
0.0
0.0
0.0
0.0
0.0
0.0
0.0
0.0
0.0
0.0
0.0
0.0
0.0
0.0
0.0
0.0
0.0
0.0
0.0
0.0
0.0
0.0
0.0
0.0
0.0
0.0
0.0
0.0
0.0
0.0
0.0
0.0
0.0
0.0
0.0
0.0
0.0
0.0
0.0
0.0
0.0
0.0
0.0
0.0
0.0
0.0
0.0
0.0
0.0
0.0
0.0
0.0
0.0
0.0
0.0
0.0
0.0
0.0
0.0
0.0
0.0
0.0
0.0
0.0
0.0
0.0
0.0
0.0
0.0
0.0
0.0
0.0
0.0
0.0
0.0
0.0
0.0
0.0
0.0
0.0
0.0
0.0
0.0
0.0
0.0
0.0
0.0
0.0
0.0
0.0
0.0
0.0
0.0
0.0
0.0
0.0
0.0
0.0
0.0
0.0
0.0
0.0
0.0
0.0
0.0
0.0
0.0
0.0
0.0
0.0
0.0
0.0
0.0
