0.0
0.0
0.0
0.0
0.0
0.0
0.0
0.0
0.0
0.0
0.0
0.0
0.0
0.0
0.0
0.0
0.0
0.0
0.0
0.0
0.0
0.0
0.0
0.0
0.0
0.0
0.0
0.0
0.0
0.0
0.0
0.0
0.0
0.0
0.0
0.0
0.0
0.0
0.0
0.0
0.0
0.0
0.0
0.0
0.0
0.0
0.0
0.0
0.0
0.0
0.0
0.0
0.0
0.0
0.0
0.0
0.0
0.0
0.0
0.0
0.0
0.0
0.0
0.0
0.0
0.0
0.0
0.0
0.0
0.0
0.0
0.0
0.0
0.0
0.0
0.0
0.0
0.0
0.0
0.0
0.0
0.0
0.0
0.0
0.0
0.0
0.0
0.0
0.0
0.0
0.0
0.0
0.0
0.0
0.0
0.0
0.0
0.0
0.0
0.0
0.0
0.0
0.0
0.0
0.0
0.0
0.0
0.0
0.0
0.0
0.0
0.0
0.0
0.0
0.0
0.0
0.0
0.0
0.0
0.0
0.0
0.0
0.0
0.0
0.0
0.0
0.0
0.32283464
1.0
1.0
1.0
1.0
0.9527559
0.0
0.0
0.0
0.0
0.0
0.0
0.0
0.0
0.0
0.0
0.0
0.0
0.0
0.0
0.0
0.0
0.0
0.0
0.0
0.0
0.0
0.39370078
0.9055118
0.992126
0.992126
0.992126
0.992126
0.984252
0.38582677
0.0
0.0
0.0
0.0
0.0
0.0
0.0
0.0
0.0
0.0
0.0
0.0
0.0
0.0
0.0
0.0
0.0
0.0
0.0
0.36220473
0.92913383
0.992126
0.992126
0.992126
0.992126
0.992126
0.992126
0.96850395
0.21259843
0.0
0.0
0.0
0.0
0.0
0.0
0.0
0.0
0.0
0.0
0.0
0.0
0.0
0.0
0.0
0.0
0.0
0.0
0.4015748
1.0
0.992126
0.992126
0.992126
0.97637796
0.9055118
0.992126
0.992126
0.8346457
0.2913386
0.0
0.0
0.0
0.0
0.0
0.0
0.0
0.0
0.0
0.0
0.0
0.0
0.0
0.0
0.0
0.0
0.0
0.5669291
1.0
0.992126
0.992126
0.7480315
0.26771653
0.0
0.62992126
0.992126
0.992126
0.5590551
0.0
0.0
0.0
0.0
0.0
0.0
0.0
0.0
0.0
0.0
0.0
0.0
0.0
0.0
0.0
0.0
0.39370078
0.96850395
1.0
0.992126
0.70866144
0.023622047
0.0
0.0
0.13385826
0.992126
0.992126
0.70866144
0.0
0.0
0.0
0.0
0.0
0.0
0.0
0.0
0.0
0.0
0.0
0.0
0.0
0.0
0.062992126
0.8346457
0.8582677
0.992126
1.0
0.7401575
0.015748031
0.0
0.0
0.0
0.047244094
0.992126
0.992126
0.992126
0.0
0.0
0.0
0.0
0.0
0.0
0.0
0.0
0.0
0.0
0.0
0.0
0.0
0.13385826
0.7559055
0.992126
0.992126
0.992126
0.6535433
0.11811024
0.0
0.0
0.0
0.0
0.047244094
0.992126
0.992126
0.9212598
0.0
0.0
0.0
0.0
0.0
0.0
0.0
0.0
0.0
0.0
0.0
0.023622047
0.30708662
0.8503937
0.992126
0.992126
0.992126
0.7322835
0.11023622
0.0
0.0
0.0
0.0
0.0
0.37007874
0.992126
0.992126
0.43307087
0.0
0.0
0.0
0.0
0.0
0.0
0.0
0.0
0.0
0.0
0.0
0.08661418
0.992126
0.992126
0.992126
0.9212598
0.43307087
0.015748031
0.0
0.0
0.0
0.0
0.0
0.1496063
0.7007874
0.992126
0.992126
0.31496063
0.0
0.0
0.0
0.0
0.0
0.0
0.0
0.0
0.0
0.031496063
0.496063
0.984252
1.0
1.0
0.93700784
0.52755904
0.0
0.0
0.0
0.0
0.0
0.0
0.0
0.4094488
1.0
0.97637796
0.7322835
0.05511811
0.0
0.0
0.0
0.0
0.0
0.0
0.0
0.0
0.031496063
0.6456693
0.992126
0.992126
0.992126
0.9055118
0.18897638
0.0
0.0
0.0
0.0
0.0
0.0
0.0
0.26771653
0.72440946
0.71653545
0.2913386
0.5826772
0.39370078
0.0
0.0
0.0
0.0
0.0
0.0
0.0
0.0
0.496063
0.992126
0.992126
0.992126
0.992126
0.2913386
0.0
0.0
0.0
0.0
0.0
0.0
0.0
0.41732284
0.93700784
0.8582677
0.4488189
0.8582677
0.992126
0.5590551
0.0
0.0
0.0
0.0
0.0
0.0
0.0
0.0
0.984252
0.992126
0.992126
0.9133858
0.37795275
0.007874016
0.0
0.0
0.0
0.0
0.0
0.0
0.24409449
0.5984252
0.992126
0.992126
0.992126
0.992126
0.79527557
0.07874016
0.0
0.0
0.0
0.0
0.0
0.0
0.0
0.0
1.0
0.992126
0.7401575
0.16535433
0.0
0.0
0.0
0.0
0.0
0.0
0.22047244
0.33070865
0.93700784
0.992126
0.992126
0.992126
0.87401575
0.3464567
0.08661418
0.0
0.0
0.0
0.0
0.0
0.0
0.0
0.0
0.0
1.0
0.63779527
0.12598425
0.0
0.0
0.0
0.0
0.0
0.25984251
0.53543305
1.0
0.992126
0.992126
0.992126
0.9212598
0.496063
0.11023622
0.0
0.0
0.0
0.0
0.0
0.0
0.0
0.0
0.0
0.0
0.0
1.0
0.8267717
0.30708662
0.42519686
0.023622047
0.047244094
0.46456692
0.72440946
0.97637796
0.992126
1.0
0.86614174
0.511811
0.1023622
0.062992126
0.0
0.0
0.0
0.0
0.0
0.0
0.0
0.0
0.0
0.0
0.0
0.0
0.0
0.9212598
0.992126
0.992126
0.992126
0.8267717
0.992126
0.992126
0.992126
0.992126
0.992126
0.6535433
0.28346455
0.0
0.0
0.0
0.0
0.0
0.0
0.0
0.0
0.0
0.0
0.0
0.0
0.0
0.0
0.0
0.0
0.2047244
0.9055118
0.992126
0.992126
0.992126
0.992126
0.992126
0.7322835
0.39370078
0.503937
0.11023622
0.0
0.0
0.0
0.0
0.0
0.0
0.0
0.0
0.0
0.0
0.0
0.0
0.0
0.0
0.0
0.0
0.0
0.0
0.08661418
0.2992126
0.5590551
0.46456692
0.31496063
0.12598425
0.047244094
0.0
0.0
0.0
0.0
0.0
0.0
0.0
0.0
0.0
0.0
0.0
0.0
0.0
0.0
0.0
0.0
0.0
0.0
0.0
0.0
0.0
0.0
0.0
0.0
0.0
0.0
0.0
0.0
0.0
0.0
0.0
0.0
0.0
0.0
0.0
0.0
0.0
0.0
0.0
0.0
0.0
0.0
0.0
0.0
0.0
0.0
0.0
0.0
0.0
0.0
0.0
0.0
0.0
0.0
0.0
0.0
0.0
0.0
0.0
0.0
0.0
0.0
0.0
0.0
0.0
0.0
0.0
0.0
0.0
0.0
0.0
0.0
0.0
0.0
0.0
0.0
0.0
0.0
0.0
0.0
0.0
0.0
0.0
0.0
0.0
0.0
0.0
0.0
0.0
0.0
0.0
0.0
0.0
0.0
0.0
0.0
0.0
0.0
0.0
0.0
0.0
0.0
0.0
0.0
0.0
0.0
0.0
0.0
0.0
0.0
0.0
0.0
0.0
0.0
0.0
0.0
0.0
0.0
0.0
0.0
0.0
0.0
0.0
0.0
0.0
0.0
0.0
0.0
