0.0
0.0
0.0
0.0
0.0
0.0
0.0
0.0
0.0
0.0
0.0
0.0
0.0
0.0
0.0
0.0
0.0
0.0
0.0
0.0
0.0
0.0
0.0
0.0
0.0
0.0
0.0
0.0
0.0
0.0
0.0
0.0
0.0
0.0
0.0
0.0
0.0
0.0
0.0
0.0
0.0
0.0
0.0
0.0
0.0
0.0
0.0
0.0
0.0
0.0
0.0
0.0
0.0
0.0
0.0
0.0
0.0
0.0
0.0
0.0
0.0
0.0
0.0
0.0
0.0
0.0
0.0
0.0
0.0
0.0
0.0
0.0
0.0
0.0
0.0
0.0
0.0
0.0
0.0
0.0
0.0
0.0
0.0
0.0
0.0
0.0
0.0
0.0
0.0
0.0
0.0
0.0
0.0
0.0
0.0
0.0
0.0
0.0
0.0
0.0
0.0
0.0
0.0
0.0
0.0
0.0
0.0
0.0
0.0
0.0
0.0
0.0
0.0
0.0
0.0
0.0
0.0
0.0
0.0
0.0
0.0
0.0
0.0
0.0
0.0
0.22834645
0.7480315
1.0
0.39370078
0.07874016
0.0
0.0
0.0
0.0
0.0
0.0
0.0
0.0
0.0
0.0
0.0
0.0
0.0
0.0
0.0
0.0
0.0
0.0
0.0
0.0
0.0
0.0
0.23622048
0.9133858
0.992126
0.992126
0.992126
0.87401575
0.44094488
0.0
0.0
0.0
0.0
0.0
0.0
0.0
0.0
0.0
0.0
0.0
0.0
0.0
0.0
0.0
0.0
0.0
0.0
0.0
0.0
0.37795275
0.92913383
0.992126
0.992126
0.992126
0.992126
0.992126
0.93700784
0.13385826
0.0
0.0
0.0
0.0
0.0
0.0
0.0
0.0
0.0
0.0
0.0
0.0
0.0
0.0
0.0
0.0
0.0
0.0
0.031496063
0.72440946
0.992126
0.992126
0.72440946
0.28346455
0.47244096
0.63779527
0.984252
0.96850395
0.6456693
0.007874016
0.0
0.0
0.0
0.0
0.0
0.0
0.0
0.0
0.0
0.0
0.0
0.0
0.0
0.0
0.0
0.0
0.62992126
0.992126
0.992126
0.9212598
0.1023622
0.0
0.0
0.0
0.5748032
0.992126
0.992126
0.46456692
0.0
0.0
0.0
0.0
0.0
0.0
0.0
0.0
0.0
0.0
0.0
0.0
0.0
0.0
0.0
0.32283464
0.9448819
0.992126
0.92913383
0.25984251
0.0
0.0
0.0
0.0
0.015748031
0.72440946
0.992126
0.96062994
0.13385826
0.0
0.0
0.0
0.0
0.0
0.0
0.0
0.0
0.0
0.0
0.0
0.0
0.0
0.07874016
0.96062994
0.992126
0.9527559
0.42519686
0.0
0.0
0.0
0.0
0.0
0.0
0.1496063
0.8897638
0.992126
0.78740156
0.007874016
0.0
0.0
0.0
0.0
0.0
0.0
0.0
0.0
0.0
0.0
0.0
0.0
0.42519686
0.992126
0.992126
0.511811
0.0
0.0
0.0
0.0
0.0
0.0
0.0
0.0
0.511811
0.992126
0.992126
0.25984251
0.0
0.0
0.0
0.0
0.0
0.0
0.0
0.0
0.0
0.0
0.0
0.11811024
0.96062994
0.992126
0.88188976
0.17322835
0.0
0.0
0.0
0.0
0.0
0.0
0.0
0.0
0.3464567
0.992126
0.992126
0.25984251
0.0
0.0
0.0
0.0
0.0
0.0
0.0
0.0
0.0
0.0
0.0
0.39370078
0.992126
0.992126
0.26771653
0.0
0.0
0.0
0.0
0.0
0.0
0.0
0.0
0.0
0.3464567
0.992126
0.992126
0.25984251
0.0
0.0
0.0
0.0
0.0
0.0
0.0
0.0
0.0
0.0
0.0
0.8267717
0.992126
0.96850395
0.18897638
0.0
0.0
0.0
0.0
0.0
0.0
0.0
0.0
0.0
0.3464567
0.992126
0.992126
0.25984251
0.0
0.0
0.0
0.0
0.0
0.0
0.0
0.0
0.0
0.0
0.18110237
0.93700784
0.992126
0.6614173
0.0
0.0
0.0
0.0
0.0
0.0
0.0
0.0
0.0
0.0
0.6456693
0.992126
0.9448819
0.18897638
0.0
0.0
0.0
0.0
0.0
0.0
0.0
0.0
0.0
0.0
0.61417323
0.992126
0.992126
0.3464567
0.0
0.0
0.0
0.0
0.0
0.0
0.0
0.0
0.0
0.18110237
0.9527559
0.992126
0.6456693
0.0
0.0
0.0
0.0
0.0
0.0
0.0
0.0
0.0
0.0
0.0
0.6929134
0.992126
0.992126
0.3464567
0.0
0.0
0.0
0.0
0.0
0.0
0.0
0.0
0.047244094
0.6614173
0.992126
0.96850395
0.18110237
0.0
0.0
0.0
0.0
0.0
0.0
0.0
0.0
0.0
0.0
0.0
0.6929134
0.992126
0.992126
0.3464567
0.0
0.0
0.0
0.0
0.0
0.0
0.0
0.0
0.8031496
0.992126
0.9133858
0.5511811
0.0
0.0
0.0
0.0
0.0
0.0
0.0
0.0
0.0
0.0
0.0
0.0
0.6929134
0.992126
0.992126
0.496063
0.0
0.0
0.0
0.0
0.0
0.0
0.24409449
0.7007874
0.984252
0.992126
0.6456693
0.0
0.0
0.0
0.0
0.0
0.0
0.0
0.0
0.0
0.0
0.0
0.0
0.0
0.28346455
0.96850395
0.992126
0.97637796
0.5669291
0.07874016
0.11811024
0.48031497
0.8503937
0.9133858
0.96850395
0.992126
0.992126
0.8897638
0.1496063
0.0
0.0
0.0
0.0
0.0
0.0
0.0
0.0
0.0
0.0
0.0
0.0
0.0
0.0
0.1496063
0.96850395
0.992126
0.992126
0.992126
0.992126
0.992126
0.992126
0.992126
0.992126
0.992126
0.86614174
0.2992126
0.0
0.0
0.0
0.0
0.0
0.0
0.0
0.0
0.0
0.0
0.0
0.0
0.0
0.0
0.0
0.0
0.503937
0.992126
0.992126
0.992126
0.992126
0.992126
0.992126
0.8267717
0.68503934
0.51968503
0.12598425
0.0
0.0
0.0
0.0
0.0
0.0
0.0
0.0
0.0
0.0
0.0
0.0
0.0
0.0
0.0
0.0
0.0
0.007874016
0.4094488
0.5590551
0.5748032
0.8031496
0.6692913
0.18110237
0.05511811
0.0
0.0
0.0
0.0
0.0
0.0
0.0
0.0
0.0
0.0
0.0
0.0
0.0
0.0
0.0
0.0
0.0
0.0
0.0
0.0
0.0
0.0
0.0
0.0
0.0
0.0
0.0
0.0
0.0
0.0
0.0
0.0
0.0
0.0
0.0
0.0
0.0
0.0
0.0
0.0
0.0
0.0
0.0
0.0
0.0
0.0
0.0
0.0
0.0
0.0
0.0
0.0
0.0
0.0
0.0
0.0
0.0
0.0
0.0
0.0
0.0
0.0
0.0
0.0
0.0
0.0
0.0
0.0
0.0
0.0
0.0
0.0
0.0
0.0
0.0
0.0
0.0
0.0
0.0
0.0
0.0
0.0
0.0
0.0
0.0
0.0
0.0
0.0
0.0
0.0
0.0
0.0
0.0
0.0
0.0
0.0
0.0
0.0
0.0
0.0
0.0
0.0
0.0
0.0
0.0
0.0
0.0
0.0
0.0
0.0
0.0
0.0
0.0
0.0
0.0
0.0
0.0
0.0
0.0
0.0
0.0
0.0
0.0
0.0
