0.0
0.0
0.0
0.0
0.0
0.0
0.0
0.0
0.0
0.0
0.0
0.0
0.0
0.0
0.0
0.0
0.0
0.0
0.0
0.0
0.0
0.0
0.0
0.0
0.0
0.0
0.0
0.0
0.0
0.0
0.0
0.0
0.0
0.0
0.0
0.0
0.0
0.0
0.0
0.0
0.0
0.0
0.0
0.0
0.0
0.0
0.0
0.0
0.0
0.0
0.0
0.0
0.0
0.0
0.0
0.0
0.0
0.0
0.0
0.0
0.0
0.0
0.0
0.0
0.0
0.0
0.0
0.0
0.0
0.0
0.0
0.0
0.0
0.0
0.0
0.0
0.0
0.0
0.0
0.0
0.0
0.0
0.0
0.0
0.0
0.0
0.0
0.0
0.0
0.0
0.0
0.0
0.0
0.0
0.0
0.0
0.0
0.0
0.0
0.0
0.0
0.0
0.0
0.0
0.0
0.0
0.0
0.0
0.0
0.0
0.0
0.0
0.0
0.0
0.0
0.0
0.0
0.0
0.0
0.0
0.0
0.0
0.0
0.0
0.0
0.0
0.0
0.0
0.0
0.0
0.0
0.0
0.0
0.0
0.0
0.0
0.0
0.0
0.0
0.0
0.0
0.0
0.0
0.0
0.0
0.0
0.0
0.0
0.0
0.0
0.0
0.0
0.0
0.0
0.27559054
0.39370078
0.39370078
0.8031496
1.0
0.48818898
0.14173228
0.0
0.0
0.0
0.0
0.0
0.0
0.0
0.0
0.0
0.0
0.0
0.0
0.0
0.0
0.0
0.031496063
0.511811
0.78740156
0.78740156
0.78740156
0.78740156
0.92913383
0.992126
0.992126
0.992126
0.992126
0.992126
0.47244096
0.1023622
0.0
0.0
0.0
0.0
0.0
0.0
0.0
0.0
0.0
0.0
0.0
0.0
0.0
0.0
0.503937
0.992126
0.992126
0.992126
0.992126
0.992126
0.992126
0.992126
0.992126
0.992126
0.992126
0.992126
0.992126
0.8110236
0.1023622
0.0
0.0
0.0
0.0
0.0
0.0
0.0
0.0
0.0
0.0
0.0
0.0
0.35433072
0.984252
0.992126
0.992126
0.992126
0.992126
0.992126
0.96062994
0.62992126
0.9527559
0.96850395
0.79527557
0.992126
0.992126
0.992126
0.4015748
0.0
0.0
0.0
0.0
0.0
0.0
0.0
0.0
0.0
0.0
0.0
0.0
0.36220473
0.992126
0.992126
0.992126
0.992126
0.9133858
0.2913386
0.21259843
0.0
0.21259843
0.22047244
0.11023622
0.7559055
0.93700784
0.992126
0.8110236
0.062992126
0.0
0.0
0.0
0.0
0.0
0.0
0.0
0.0
0.0
0.0
0.0
0.6929134
0.992126
0.992126
0.992126
0.5905512
0.22047244
0.0
0.0
0.0
0.0
0.0
0.0
0.0
0.63779527
0.992126
0.992126
0.38582677
0.0
0.0
0.0
0.0
0.0
0.0
0.0
0.0
0.0
0.062992126
0.68503934
0.992126
0.992126
0.992126
0.48031497
0.015748031
0.0
0.0
0.0
0.0
0.0
0.0
0.0
0.0
0.062992126
0.992126
0.992126
0.96062994
0.0
0.0
0.0
0.0
0.0
0.0
0.0
0.0
0.0
0.18110237
0.992126
0.992126
0.97637796
0.53543305
0.015748031
0.0
0.0
0.0
0.0
0.0
0.0
0.0
0.0
0.0
0.031496063
0.992126
0.992126
0.992126
0.0
0.0
0.0
0.0
0.0
0.0
0.0
0.0
0.0
0.496063
0.992126
0.992126
0.52755904
0.0
0.0
0.0
0.0
0.0
0.0
0.0
0.0
0.0
0.0
0.0
0.3464567
0.992126
0.992126
0.992126
0.0
0.0
0.0
0.0
0.0
0.0
0.0
0.0
0.0
0.78740156
0.992126
0.6614173
0.023622047
0.0
0.0
0.0
0.0
0.0
0.0
0.0
0.0
0.0
0.0
0.0
0.63779527
0.992126
0.992126
0.992126
0.0
0.0
0.0
0.0
0.0
0.0
0.0
0.0
0.27559054
0.92913383
0.992126
0.62992126
0.0
0.0
0.0
0.0
0.0
0.0
0.0
0.0
0.0
0.0
0.0
0.22834645
0.8897638
0.992126
0.992126
0.93700784
0.0
0.0
0.0
0.0
0.0
0.0
0.0
0.0
0.68503934
0.992126
0.992126
0.33858266
0.0
0.0
0.0
0.0
0.0
0.0
0.0
0.0
0.0
0.0
0.22047244
0.9212598
0.992126
0.992126
0.8897638
0.19685039
0.0
0.0
0.0
0.0
0.0
0.0
0.0
0.0
1.0
0.992126
0.992126
0.023622047
0.0
0.0
0.0
0.0
0.0
0.0
0.0
0.0
0.0
0.22047244
0.92913383
0.992126
0.992126
0.992126
0.24409449
0.0
0.0
0.0
0.0
0.0
0.0
0.0
0.0
0.0
0.96062994
0.992126
0.992126
0.023622047
0.0
0.0
0.0
0.0
0.0
0.0
0.0
0.0
0.22047244
0.88188976
0.992126
0.992126
0.992126
0.6771653
0.05511811
0.0
0.0
0.0
0.0
0.0
0.0
0.0
0.0
0.0
0.39370078
0.992126
0.992126
0.023622047
0.0
0.0
0.0
0.0
0.0
0.0
0.03937008
0.4566929
0.92913383
0.992126
0.992126
0.992126
0.68503934
0.0
0.0
0.0
0.0
0.0
0.0
0.0
0.0
0.0
0.0
0.0
0.05511811
0.6692913
0.992126
0.62992126
0.2047244
0.0
0.0
0.18110237
0.24409449
0.42519686
0.8582677
0.992126
0.992126
0.992126
0.88188976
0.5984252
0.05511811
0.0
0.0
0.0
0.0
0.0
0.0
0.0
0.0
0.0
0.0
0.0
0.0
0.17322835
0.984252
0.992126
0.93700784
0.63779527
0.63779527
0.8976378
0.992126
0.992126
0.992126
0.992126
0.992126
0.97637796
0.51968503
0.0
0.0
0.0
0.0
0.0
0.0
0.0
0.0
0.0
0.0
0.0
0.0
0.0
0.0
0.0
0.33070865
0.984252
0.992126
0.992126
0.992126
0.992126
0.992126
0.992126
0.992126
0.992126
0.87401575
0.18897638
0.0
0.0
0.0
0.0
0.0
0.0
0.0
0.0
0.0
0.0
0.0
0.0
0.0
0.0
0.0
0.0
0.0
0.39370078
0.77952754
0.8976378
0.992126
0.992126
0.992126
0.992126
0.97637796
0.48818898
0.12598425
0.0
0.0
0.0
0.0
0.0
0.0
0.0
0.0
0.0
0.0
0.0
0.0
0.0
0.0
0.0
0.0
0.0
0.0
0.0
0.0
0.21259843
0.38582677
0.38582677
0.38582677
0.38582677
0.35433072
0.0
0.0
0.0
0.0
0.0
0.0
0.0
0.0
0.0
0.0
0.0
0.0
0.0
0.0
0.0
0.0
0.0
0.0
0.0
0.0
0.0
0.0
0.0
0.0
0.0
0.0
0.0
0.0
0.0
0.0
0.0
0.0
0.0
0.0
0.0
0.0
0.0
0.0
0.0
0.0
0.0
0.0
0.0
0.0
0.0
0.0
0.0
0.0
0.0
0.0
0.0
0.0
0.0
0.0
0.0
0.0
0.0
0.0
0.0
0.0
0.0
0.0
0.0
0.0
0.0
0.0
0.0
0.0
0.0
0.0
0.0
0.0
0.0
0.0
0.0
0.0
0.0
0.0
0.0
0.0
0.0
0.0
0.0
0.0
0.0
0.0
0.0
0.0
0.0
0.0
0.0
0.0
0.0
0.0
0.0
0.0
0.0
