0.0
0.0
0.0
0.0
0.0
0.0
0.0
0.0
0.0
0.0
0.0
0.0
0.0
0.0
0.0
0.0
0.0
0.0
0.0
0.0
0.0
0.0
0.0
0.0
0.0
0.0
0.0
0.0
0.0
0.0
0.0
0.0
0.0
0.0
0.0
0.0
0.0
0.0
0.0
0.0
0.0
0.0
0.0
0.0
0.0
0.0
0.0
0.0
0.0
0.0
0.0
0.0
0.0
0.0
0.0
0.0
0.0
0.0
0.0
0.0
0.0
0.0
0.0
0.0
0.0
0.0
0.0
0.0
0.0
0.0
0.0
0.0
0.0
0.0
0.0
0.0
0.0
0.0
0.0
0.0
0.0
0.0
0.0
0.0
0.0
0.0
0.0
0.0
0.0
0.0
0.0
0.0
0.0
0.0
0.0
0.0
0.0
0.0
0.0
0.0
0.0
0.0
0.0
0.0
0.0
0.0
0.0
0.0
0.0
0.0
0.0
0.0
0.0
0.0
0.0
0.0
0.0
0.0
0.0
0.0
0.0
0.0
0.0
0.0
0.09411766
0.6117647
0.83921576
0.9960785
0.36078432
0.03137255
0.36078432
0.96470594
0.26666668
0.0
0.0
0.0
0.0
0.0
0.0
0.0
0.0
0.0
0.0
0.0
0.0
0.0
0.0
0.0
0.0
0.0
0.0
0.15686275
0.6745098
0.9960785
0.9960785
0.9960785
0.9960785
0.5411765
0.94117653
0.9960785
0.94117653
0.2509804
0.0
0.0
0.0
0.0
0.0
0.0
0.0
0.0
0.0
0.0
0.0
0.0
0.0
0.0
0.0
0.0
0.18039216
0.90196085
0.9960785
0.9960785
0.5176471
0.3529412
0.75294125
0.9960785
0.9960785
0.9960785
0.9960785
0.9490197
0.16470589
0.0
0.0
0.0
0.0
0.0
0.0
0.0
0.0
0.0
0.0
0.0
0.0
0.0
0.0
0.32941177
0.7372549
0.9960785
0.8941177
0.227451
0.0
0.0
0.08627451
0.5176471
0.54901963
0.17254902
0.6509804
0.98823535
0.75294125
0.04705883
0.0
0.0
0.0
0.0
0.0
0.0
0.0
0.0
0.0
0.0
0.0
0.0
0.054901965
0.90196085
0.9960785
0.8941177
0.16470589
0.0
0.0
0.0
0.0
0.1254902
0.0
0.0
0.0
0.53333336
0.9960785
0.43137258
0.0
0.0
0.0
0.0
0.0
0.0
0.0
0.0
0.0
0.0
0.0
0.0
0.1254902
0.9960785
0.9333334
0.32941177
0.0
0.0
0.0
0.0
0.0
0.15686275
0.0
0.0
0.0
0.07058824
0.8705883
0.8000001
0.023529414
0.0
0.0
0.0
0.0
0.0
0.0
0.0
0.0
0.0
0.0
0.08627451
0.8000001
0.9960785
0.46274513
0.0
0.0
0.0
0.0
0.0
0.0
0.0
0.0
0.0
0.0
0.0
0.74509805
0.9960785
0.21176472
0.0
0.0
0.0
0.0
0.0
0.0
0.0
0.0
0.0
0.023529414
0.65882355
0.9960785
0.7686275
0.04705883
0.0
0.0
0.0
0.0
0.0
0.0
0.0
0.0
0.0
0.0
0.0
0.74509805
0.9960785
0.43137258
0.0
0.0
0.0
0.0
0.0
0.0
0.0
0.0
0.0
0.34509805
0.9960785
0.9960785
0.3137255
0.0
0.0
0.0
0.0
0.0
0.0
0.0
0.0
0.0
0.0
0.0
0.0
0.74509805
0.9960785
0.46274513
0.0
0.0
0.0
0.0
0.0
0.0
0.0
0.0
0.1254902
0.9176471
0.9960785
0.8705883
0.1254902
0.0
0.0
0.0
0.0
0.0
0.0
0.0
0.0
0.0
0.0
0.0
0.0
0.74509805
0.9960785
0.21176472
0.0
0.0
0.0
0.0
0.0
0.0
0.0
0.0
0.21960786
0.9960785
0.9960785
0.21176472
0.0
0.0
0.0
0.0
0.0
0.0
0.0
0.0
0.0
0.0
0.0
0.0
0.0627451
0.8470589
0.9960785
0.21176472
0.0
0.0
0.0
0.0
0.0
0.0
0.0
0.0
0.21960786
0.9960785
0.9960785
0.14117648
0.0
0.0
0.0
0.0
0.0
0.0
0.0
0.0
0.0
0.0
0.0
0.0
0.77647066
0.9960785
0.57254905
0.0
0.0
0.0
0.0
0.0
0.0
0.0
0.0
0.0
0.54901963
0.9960785
0.75294125
0.023529414
0.0
0.0
0.0
0.0
0.0
0.0
0.0
0.0
0.0
0.0
0.04705883
0.5803922
0.98823535
0.9960785
0.40784317
0.0
0.0
0.0
0.0
0.0
0.0
0.0
0.0
0.0
0.6117647
0.9960785
0.3529412
0.0
0.0
0.0
0.0
0.0
0.0
0.0
0.0
0.0
0.0
0.078431375
0.5019608
0.9960785
0.9568628
0.43137258
0.015686275
0.0
0.0
0.0
0.0
0.0
0.0
0.0
0.0
0.0
0.6117647
0.9960785
0.3529412
0.0
0.0
0.0
0.0
0.0
0.0
0.0
0.0
0.0
0.26666668
0.7843138
0.9960785
0.9960785
0.32156864
0.0
0.0
0.0
0.0
0.0
0.0
0.0
0.0
0.0
0.0
0.0
0.6117647
0.9960785
0.627451
0.0
0.0
0.0
0.0
0.0
0.0
0.18823531
0.32941177
0.7058824
0.9490197
0.9960785
0.96470594
0.40784317
0.023529414
0.0
0.0
0.0
0.0
0.0
0.0
0.0
0.0
0.0
0.0
0.0
0.24313727
0.9960785
0.87843144
0.18823531
0.14117648
0.14117648
0.14117648
0.19607845
0.8313726
0.8078432
0.9960785
0.9960785
0.9960785
0.79215693
0.10980393
0.0
0.0
0.0
0.0
0.0
0.0
0.0
0.0
0.0
0.0
0.0
0.0
0.0
0.21960786
0.9960785
0.9960785
0.9960785
0.9960785
0.9960785
0.9960785
0.9960785
0.9960785
0.9960785
0.9960785
0.9960785
0.5176471
0.08627451
0.0
0.0
0.0
0.0
0.0
0.0
0.0
0.0
0.0
0.0
0.0
0.0
0.0
0.0
0.007843138
0.53333336
0.9333334
0.9960785
0.9960785
0.9960785
0.9960785
0.9960785
0.9333334
0.74509805
0.43137258
0.18823531
0.007843138
0.0
0.0
0.0
0.0
0.0
0.0
0.0
0.0
0.0
0.0
0.0
0.0
0.0
0.0
0.0
0.0
0.0
0.23529413
0.6039216
0.8705883
0.9490197
0.6039216
0.3921569
0.13333334
0.0
0.0
0.0
0.0
0.0
0.0
0.0
0.0
0.0
0.0
0.0
0.0
0.0
0.0
0.0
0.0
0.0
0.0
0.0
0.0
0.0
0.0
0.0
0.0
0.0
0.0
0.0
0.0
0.0
0.0
0.0
0.0
0.0
0.0
0.0
0.0
0.0
0.0
0.0
0.0
0.0
0.0
0.0
0.0
0.0
0.0
0.0
0.0
0.0
0.0
0.0
0.0
0.0
0.0
0.0
0.0
0.0
0.0
0.0
0.0
0.0
0.0
0.0
0.0
0.0
0.0
0.0
0.0
0.0
0.0
0.0
0.0
0.0
0.0
0.0
0.0
0.0
0.0
0.0
0.0
0.0
0.0
0.0
0.0
0.0
0.0
0.0
0.0
0.0
0.0
0.0
0.0
0.0
0.0
0.0
0.0
0.0
0.0
0.0
0.0
0.0
0.0
0.0
0.0
0.0
0.0
0.0
0.0
0.0
0.0
0.0
0.0
0.0
0.0
0.0
0.0
0.0
0.0
0.0
0.0
0.0
0.0
0.0
0.0
0.0
0.0
