0.0703125
0.0703125
0.0703125
0.0703125
0.0703125
0.0703125
0.0703125
0.0703125
0.0703125
0.0703125
0.0703125
0.0703125
0.0703125
0.0703125
0.0703125
0.0625
-0.0234375
-0.351562
-0.890625
-1.28125
-1.15625
-0.617188
-0.148438
0.0390625
0.0703125
0.0703125
0.0703125
0.0703125
0.0703125
0.0703125
0.0703125
0.0703125
0.0703125
0.0703125
0.0703125
0.0703125
0.0703125
0.0703125
0.0703125
0.0703125
0.0703125
0.0546875
-0.015625
-0.296875
-0.84375
-1.53906
-2.07031
-2.09375
-1.49219
-0.664062
-0.09375
0.0859375
0.0703125
0.0703125
0.0703125
0.0703125
0.0703125
0.0703125
0.0703125
0.0703125
0.0703125
0.0703125
0.0703125
0.0703125
0.0703125
0.0703125
0.0703125
0.0546875
-0.0234375
-0.304688
-0.835938
-1.48438
-1.91406
-1.84375
-1.3125
-0.453125
0.453125
0.960938
0.78125
0.304688
0.0703125
0.0703125
0.0703125
0.0703125
0.0703125
0.0703125
0.0703125
0.0703125
0.0703125
0.0703125
0.0703125
0.0703125
0.0703125
0.0390625
-0.0703125
-0.367188
-0.875
-1.49219
-1.92188
-1.89062
-1.30469
-0.140625
1.39062
2.67188
3.0625
2.46094
1.32031
0.40625
0.0703125
0.0703125
0.0703125
0.0703125
0.0703125
0.0703125
0.0703125
0.0703125
0.0703125
0.0703125
0.0703125
0.0390625
-0.132812
-0.578125
-1.19531
-1.74219
-1.98438
-1.875
-1.35156
-0.414062
0.898438
2.47656
3.74219
4.0625
3.17969
1.82812
0.75
0.210938
0.0703125
0.0703125
0.0703125
0.0703125
0.0703125
0.0703125
0.0703125
0.0703125
0.0703125
0.0703125
0.0703125
0.0390625
-0.109375
-0.398438
-0.671875
-0.75
-0.601562
-0.179688
0.65625
1.82031
3.01562
3.89844
3.96094
3.01562
1.64844
0.601562
0.078125
0.0078125
0.0703125
0.0703125
0.0703125
0.0703125
0.0703125
0.0703125
0.0703125
0.0703125
0.0703125
0.0703125
0.0703125
0.09375
0.234375
0.484375
0.742188
0.945312
1.13281
1.51562
2.28906
3.16406
3.75
3.69531
2.64062
1.26562
0.328125
0
0
0.0546875
0.0703125
0.0703125
0.0703125
0.0703125
0.0703125
0.0703125
0.0703125
0.0703125
0.0703125
0.0703125
0.0703125
0.117188
0.351562
0.632812
0.820312
0.976562
1.3125
2.02344
2.95312
3.54688
3.50781
2.51562
1.10938
0.21875
-0.0078125
0.0390625
0.0703125
0.0703125
0.0703125
0.0703125
0.0703125
0.0703125
0.0703125
0.0703125
0.0703125
0.0703125
0.0703125
0.0703125
0.0703125
0.0546875
-0.0390625
-0.335938
-0.539062
-0.25
0.71875
2.15625
3.25
3.42969
2.58594
1.19531
0.203125
0
0.0546875
0.0703125
0.0703125
0.0703125
0.0703125
0.0703125
0.0703125
0.0703125
0.0703125
0.0703125
0.0703125
0.0703125
0.0703125
0.0703125
0
-0.328125
-0.914062
-1.38281
-1.04688
0.257812
1.99219
3.40625
3.72656
2.80469
1.42188
0.351562
-0.0078125
0.0546875
0.0703125
0.0703125
0.0703125
0.0703125
0.0703125
0.0703125
0.0703125
0.0703125
0.0703125
0.0703125
0.0703125
0.0703125
0.0703125
0
-0.328125
-0.984375
-1.49219
-1.20312
0.125
1.92188
3.39844
3.88281
3.03125
1.63281
0.515625
0.0234375
0.015625
0
-0.0078125
0
0.0234375
0.046875
0.0625
0.0703125
0.0703125
0.0703125
0.0703125
0.0703125
0.0703125
0.0703125
0.0703125
-0.03125
-0.414062
-0.875
-0.796875
0.226562
1.79688
3.0625
3.60156
3.03906
1.66406
0.523438
-0.0546875
-0.539062
-1.08594
-1.57031
-1.73438
-1.53125
-1.03125
-0.429688
-0.0234375
0.0625
0.0703125
0.0703125
0.0703125
0.0703125
0.0703125
0.0703125
0.046875
-0.101562
-0.382812
-0.414062
0.367188
1.91406
3.1875
3.53906
2.95312
1.61719
0.195312
-0.617188
-1.07812
-1.60156
-2.03125
-2.15625
-2.00781
-1.76562
-1.27344
-0.585938
-0.117188
0.0390625
0.0625
0.0703125
0.0703125
0.0703125
0.0703125
0.0625
-0.0625
-0.375
-0.523438
-0.09375
1.20312
2.82812
3.52344
2.92188
1.39844
-0.359375
-1.57031
-1.91406
-1.95312
-1.67188
-1.17969
-0.570312
-0.109375
-0.15625
-0.203125
-0.0078125
0.132812
0.125
0.0625
0.0703125
0.0703125
0.0703125
0.0703125
0.0546875
-0.140625
-0.460938
-0.4375
0.289062
1.70312
2.79688
2.53125
1.02344
-0.851562
-1.89062
-2
-1.58594
-0.875
0.078125
1.03906
1.77344
2.14062
1.83594
1.375
1.17969
0.953125
0.460938
0.078125
0.0703125
0.0703125
0.0703125
0.0703125
0.0625
-0.0234375
-0.132812
0.125
1.03125
2.04688
2.14062
1.08594
-0.46875
-1.41406
-0.859375
0.320312
1.55469
2.625
3.375
3.6875
3.50781
2.98438
2.375
2.10938
2.03125
1.625
0.734375
0.0859375
0.0703125
0.0703125
0.0703125
0.0703125
0.0703125
0.164062
0.289062
0.664062
1.46875
1.85938
1.25781
0.34375
-0.351562
0.0859375
1.57031
2.875
3.64062
3.82031
3.60938
3.10938
2.54688
2.17188
2.35938
2.72656
2.58594
1.67188
0.570312
0.0859375
0.0703125
0.0703125
0.0703125
0.0703125
0.078125
0.421875
0.820312
1.24219
1.82031
1.72656
1.125
0.773438
0.898438
1.61719
2.28906
2.23438
1.625
0.992188
0.601562
0.46875
0.695312
1.53125
2.61719
3.11719
2.45312
1.13281
0.210938
0.0625
0.0703125
0.0703125
0.0703125
0.0703125
0.09375
0.625
1.32812
1.88281
2.25
2.03125
1.69531
1.6875
1.91406
2.03906
1.69531
0.921875
0.0078125
-0.601562
-0.609375
-0.046875
1.16406
2.64062
3.46094
2.98438
1.67188
0.5
0.0390625
0.0625
0.0703125
0.0703125
0.0703125
0.0703125
0.0859375
0.578125
1.44531
2.29688
2.94531
3.10938
2.91406
2.5625
2.39844
2.23438
1.89062
1.65625
1.50781
1.55469
1.92188
2.71875
3.64844
4.01562
3.30469
1.91406
0.6875
0.09375
0.046875
0.0703125
0.0703125
0.0703125
0.0703125
0.0703125
0.078125
0.34375
1.01562
1.91406
2.78906
3.46875
3.89062
3.98438
4.07812
4.08594
4.0625
4.10938
4.16406
4.20312
4.24219
4.25781
3.9375
2.95312
1.60938
0.59375
0.078125
0.0078125
0.0625
0.0703125
0.0703125
0.0703125
0.0703125
0.0703125
0.0703125
0.140625
0.46875
1.05469
1.78125
2.51562
3.19531
3.77344
4.19531
4.35156
4.27344
4.07812
3.82031
3.5625
3.28125
2.82031
2.01562
1.01562
0.257812
0
0.0078125
0.0625
0.0703125
0.0703125
0.0703125
0.0703125
0.0703125
0.0703125
0.0703125
0.0703125
0.179688
0.382812
0.664062
1.03906
1.45312
1.90625
2.25781
2.35156
2.20312
1.9375
1.67969
1.46875
1.21094
0.820312
0.375
0.0546875
-0.015625
0.0390625
0.0625
0.0703125
0.0703125
0.0703125
0.0703125
0.0703125
0.0703125
0.0703125
0.0703125
0.0703125
0.0703125
0.09375
0.171875
0.304688
0.414062
0.4375
0.382812
0.296875
0.210938
0.148438
0.132812
0.15625
0.109375
0.0234375
-0.0078125
0.015625
0.0625
0.0703125
0.0703125
0.0703125
0.0703125
0.0703125
0.0703125
0.0703125
0.0703125
0.0703125
0.0703125
0.0703125
0.0703125
0.0703125
0.0703125
0.0703125
0.0703125
0.0703125
0.0703125
0.0703125
0.0703125
0.0703125
0.0703125
0.0703125
0.0703125
0.0703125
0.0703125
0.0703125
0.0703125
0.0703125
0.0703125
0.0703125
0.0703125
0.0703125
0.0703125
0.0703125
0.0703125
0.0703125
0.0703125
0.0703125
0.0703125
0.0703125
0.0703125
0.0703125
0.0703125
0.0703125
0.0703125
0.0703125
0.0703125
0.0703125
0.0703125
0.0703125
0.0703125
0.0703125
0.0703125
0.0703125
0.0703125
0.0703125
0.0703125
0.0703125
0.0703125
0.0703125
0.0703125
0.0703125
0.0703125
0.0703125
0.0703125
0.0703125
0.0703125
0.0703125
0.0703125
0.0703125
0.0703125
0.0703125
0.0703125
0.0703125
0.0703125
0.0703125
0.0703125
0.0703125
0.0703125
0.0703125
0.0703125
0.0703125
0.0703125
0.0703125
0.0703125
0.0703125
0.0703125
0.0703125
0.0703125
0.0703125
0.0703125
0.0703125
0.0703125
0.0703125
0.0703125
0.0703125
0.0703125
0.0703125
0.0703125
0.0703125
0.0703125
0.0703125
0.0703125
0.0703125
0.0703125
0.0703125
0.0703125
0.0703125
0.0703125
0.0703125
0.0703125
0.0703125
0.0703125
0.0703125
0.0703125
0.0703125
0.0703125
0
0
0
0
0
0
0
0
0
0
0
0
0
0
0
0
-0.0390625
-0.0390625
0.117188
0.476562
0.78125
0.710938
0.375
0.0859375
0
0
0
0
0
0
0
0
0
0
0
0
0
0
0
0
0
0
-0.0234375
-0.0390625
-0.0390625
0.148438
0.867188
1.92188
2.54688
2.14062
1.14062
0.289062
0
0
0
0
0
0
0
0
0
0
0
0
0
0
0
0
-0.0234375
-0.0390625
-0.0078125
0.179688
0.570312
1.26562
2.57031
4.07812
4.71094
3.59375
1.70312
0.382812
0
0
0
0
0
0
0
0
0
0
0
0
0
-0.0078125
-0.015625
-0.0234375
0.03125
0.210938
0.617188
1.3125
2.26562
3.42188
4.84375
5.98438
5.78906
3.82031
1.59375
0.304688
0
0
0
0
0
0
0
0
0
0
0
-0.015625
-0.046875
-0.03125
0.132812
0.445312
0.84375
1.39062
2.27344
3.40625
4.66406
5.79688
6.58594
6.39062
4.96875
2.69531
0.859375
0.0859375
0
0
0
0
0
0
0
0
0
0
0
-0.0546875
-0.195312
-0.132812
0.335938
1.08594
2.00781
3.13281
4.47656
5.75
6.80469
7.10156
6.21094
4.50781
2.72656
1.16406
0.21875
-0.046875
0
0
0
0
0
0
0
0
0
0
0
-0.0859375
-0.328125
-0.140625
0.546875
1.67969
3.17969
4.92188
6.5
7.40625
7.52344
6.23438
4.14844
2.16406
0.796875
0.125
-0.0234375
0
0
0
0
0
0
0
0
0
0
0
0
-0.0703125
-0.257812
-0.015625
0.585938
1.99219
4.125
6.16406
7.49219
7.64844
6.50781
4.20312
1.875
0.492188
0.015625
-0.0234375
0
0
0
0
0
0
0
0
0
0
0
0
0
-0.0546875
-0.195312
0.0078125
0.710938
2.55469
4.91406
6.78906
7.66406
6.84375
4.60938
1.99219
0.414062
-0.03125
-0.0078125
0
0
0
0
0
0
0
0
0
0
0
0
0
-0.03125
-0.148438
-0.257812
0.132812
1.40625
3.69531
6.00781
7.32031
6.95312
4.96094
2.39844
0.53125
-0.03125
-0.0078125
0
0
0
0
0
0
0
0
0
0
0
0
0
-0.03125
-0.171875
-0.289062
0.09375
1.46875
3.53906
5.80469
7.14062
6.86719
5.05469
2.6875
0.828125
-0.015625
0
0.015625
0.03125
0.0390625
0.0390625
0.0234375
0.0078125
0
0
0
0
0
0
0
0
-0.140625
-0.476562
-0.25
1.21094
3.60156
5.95312
7.42969
7.08594
5.16406
2.67969
0.921875
0.0625
-0.0625
0.179688
0.5625
0.90625
1.0625
0.960938
0.679688
0.265625
0.0234375
0
0
0
0
0
0
-0.0078125
-0.351562
-0.679688
0.34375
2.97656
5.71875
7.45312
7.5
5.67188
2.97656
0.867188
0.132812
-0.03125
0.289062
1
1.90625
2.57031
2.94531
2.78906
1.99219
0.929688
0.195312
0
0
0
0
0
0
-0.09375
-0.546875
-0.46875
1.60156
4.92969
7.07812
7.5625
6.14844
3.59375
1.32031
0.414062
0.734375
0.953125
1.54688
2.67969
3.89062
4.64844
5.17188
5.0625
3.80469
1.98438
0.546875
0.0078125
0
0
0
0
-0.0078125
-0.320312
-0.703125
0.273438
3.1875
6.51562
7.5
6.60156
4.24219
2.1875
1.42969
1.64844
2.375
2.82812
3.64844
4.74219
5.77344
6.26562
6.64844
6.84375
5.40625
2.95312
0.84375
0.0234375
0
0
0
0
-0.015625
-0.65625
-0.640625
1.23438
4.54688
7.53906
7.3125
5.29688
2.92969
2.32031
2.97656
3.70312
4.32031
4.49219
5.00781
5.64844
6.20312
6.44531
7.03125
7.71094
6.1875
3.21875
0.828125
0.0234375
0
0
0
0
-0.03125
-0.914062
-0.398438
2.1875
5.625
7.99219
6.73438
4.48438
3.13281
4.03125
5.30469
5.67969
5.5625
5.00781
4.92969
4.84375
5.02344
5.63281
6.90625
7.79688
5.97656
2.74219
0.476562
0.0078125
0
0
0
0
-0.0390625
-1.00781
-0.171875
2.64062
5.85156
7.66406
6.42969
4.88281
4.60156
6.17188
7.17969
6.76562
5.76562
4.63281
4.17188
3.92969
4.35156
5.50781
7.04688
7.08594
4.63281
1.67969
0.109375
0
0
0
0
0
-0.03125
-0.875
-0.148438
2.35156
5.24219
6.875
6.49219
5.94531
6.23438
7.45312
7.53125
6.57031
5.39844
4.5
4.17969
4.16406
4.84375
5.96875
6.64062
5.33594
2.71094
0.648438
-0.0234375
0
0
0
0
0
-0.015625
-0.539062
-0.195312
1.60156
3.97656
5.57812
6.10938
6.375
6.82031
7.5
7.25
6.375
5.44531
4.92969
4.91406
5.08594
5.60938
5.8125
5.07812
3.08594
1.08594
0.0703125
-0.015625
0
0
0
0
0
0
-0.210938
-0.164062
0.867188
2.51562
3.85938
4.82812
5.53125
6.0625
6.45312
6.32031
5.83594
5.28906
5.07812
5.20312
5.40625
5.15625
4.22656
2.65625
1.125
0.179688
-0.0390625
0
0
0
0
0
0
0
-0.046875
-0.132812
0.34375
1.27344
2.20312
3.00781
3.82812
4.42188
4.76562
4.85156
4.58594
4.14062
3.85938
4.00781
3.85938
3.08594
1.86719
0.757812
0.125
-0.0390625
0
0
0
0
0
0
0
0
0
-0.0625
0.0859375
0.46875
0.976562
1.50781
2.08594
2.49219
2.6875
2.69531
2.42969
2.07812
1.89062
1.96875
1.71094
1.01562
0.304688
0.0078125
-0.0078125
0
0
0
0
0
0
0
0
0
0
0
0
0
0.15625
0.484375
0.804688
0.9375
0.960938
0.898438
0.710938
0.515625
0.46875
0.507812
0.328125
0.0859375
-0.03125
0
0
0
0
0
0
0
0
0
0
0
0
0
0
0
0
0
0
0
0
0
0
0
0
0
0
0
0
0
0
0
0
0
0
0
0
0
0
0
0
0
0
0
0
0
0
0
0
0
0
0
0
0
0
0
0
0
0
0
0
0
0
0
0
0
0
0
0
0
0
0
0
0
0
0
0
0
0
0
0
0
0
0
0
0
0
0
0
0
0
0
0
0
0
0
0
0
0
0
0
0
0
0
0
0
0
0
0
0
0
0
0
0
0
0
0
0
0
0
0.0078125
0.0078125
0.0078125
0.0078125
0.0078125
0.0078125
0.0078125
0.0078125
0.0078125
0.0078125
0.0078125
0.0078125
0.0078125
0.0078125
0.0078125
0
0
-0.0078125
0
0.046875
0.09375
0.0859375
0.046875
0.015625
0.0078125
0.0078125
0.0078125
0.0078125
0.0078125
0.0078125
0.0078125
0.0078125
0.0078125
0.0078125
0.0078125
0.0078125
0.0078125
0.0078125
0.0078125
0.0078125
0.0078125
0
0
-0.0078125
-0.015625
-0.015625
0.0078125
0.0859375
0.195312
0.226562
0.140625
0.0390625
0.0078125
0.0078125
0.0078125
0.0078125
0.0078125
0.0078125
0.0078125
0.0078125
0.0078125
0.0078125
0.0078125
0.0078125
0.0078125
0.0078125
0.0078125
0
0
-0.0078125
-0.0078125
-0.0078125
0.015625
0.03125
0.03125
0.0546875
0.132812
0.179688
0.140625
0.0546875
0.0078125
0.0078125
0.0078125
0.0078125
0.0078125
0.0078125
0.0078125
0.0078125
0.0078125
0.0078125
0.0078125
0.0078125
0.0078125
0
0
0
-0.0078125
0
0.015625
0.0390625
0.0546875
0.0625
0.0390625
0.015625
0.0390625
0.09375
0.078125
0.03125
0.0078125
0.0078125
0.0078125
0.0078125
0.0078125
0.0078125
0.0078125
0.0078125
0.0078125
0.0078125
0.0078125
0
0
-0.0078125
0
0.015625
0.0390625
0.046875
0.0546875
0.0546875
0.046875
0.0390625
0
-0.03125
-0.0078125
0.0390625
0.0546875
0.015625
0.0078125
0.0078125
0.0078125
0.0078125
0.0078125
0.0078125
0.0078125
0.0078125
0.0078125
0.0078125
0.0078125
0
-0.0234375
-0.0390625
-0.046875
-0.0078125
0.0078125
0.0234375
0.0234375
0.015625
0.0234375
0.015625
0
-0.015625
0
0.03125
0.03125
0.0078125
0.0078125
0.0078125
0.0078125
0.0078125
0.0078125
0.0078125
0.0078125
0.0078125
0.0078125
0.0078125
0.0078125
0.0078125
0
-0.046875
-0.117188
-0.148438
-0.125
-0.078125
-0.0234375
0.015625
0.0234375
0.015625
0
0.015625
0.0234375
0.0234375
0.0078125
0.0078125
0.0078125
0.0078125
0.0078125
0.0078125
0.0078125
0.0078125
0.0078125
0.0078125
0.0078125
0.0078125
0.0078125
0.0078125
0.015625
-0.03125
-0.109375
-0.140625
-0.140625
-0.078125
0.0078125
0.03125
0.0390625
0.03125
0.0390625
0.03125
0.015625
0.0078125
0.0078125
0.0078125
0.0078125
0.0078125
0.0078125
0.0078125
0.0078125
0.0078125
0.0078125
0.0078125
0.0078125
0.0078125
0.0078125
0
-0.0078125
-0.0703125
-0.0859375
-0.09375
-0.078125
-0.015625
0.015625
0.03125
0.046875
0.0625
0.0390625
0.015625
0.0078125
0.0078125
0.0078125
0.0078125
0.0078125
0.0078125
0.0078125
0.0078125
0.0078125
0.0078125
0.0078125
0.0078125
0.0078125
0.0078125
0
-0.015625
-0.03125
-0.03125
-0.0078125
-0.0234375
-0.03125
0
0
0.03125
0.0703125
0.046875
0.015625
0.0078125
0.0078125
0.0078125
0.0078125
0.0078125
0.0078125
0.0078125
0.0078125
0.0078125
0.0078125
0.0078125
0.0078125
0.0078125
0.0078125
0
-0.015625
-0.0390625
-0.0234375
0
0
0
0
0
-0.0078125
0.03125
0.0546875
0.015625
0
0.0078125
0.0078125
0.0078125
0.0078125
0.0078125
0.0078125
0.0078125
0.0078125
0.0078125
0.0078125
0.0078125
0.0078125
0.0078125
0.0078125
-0.0078125
-0.046875
-0.0703125
-0.0625
-0.03125
0
0.0078125
0.0546875
0.03125
0.03125
0.0390625
0.015625
-0.0078125
0
0.046875
0.0859375
0.109375
0.117188
0.0859375
0.03125
0.0078125
0.0078125
0.0078125
0.0078125
0.0078125
0.0078125
0.0078125
0
-0.0078125
-0.046875
-0.101562
-0.117188
-0.0625
0
0.0078125
0.0625
0.0703125
0.03125
0.015625
0
-0.0078125
0
0.0625
0.132812
0.195312
0.234375
0.226562
0.125
0.0234375
0.0078125
0.0078125
0.0078125
0.0078125
0.0078125
0
0
-0.0234375
-0.046875
-0.117188
-0.101562
-0.0078125
0.0078125
0
0.0546875
0.078125
0.03125
0.0390625
0.0546875
0.046875
0.015625
0.015625
0.046875
0.0625
0.171875
0.25
0.210938
0.0703125
0.0078125
0.0078125
0.0078125
0.0078125
0.0078125
0
-0.0234375
-0.0390625
-0.09375
-0.132812
-0.0625
0.0390625
0.0390625
0.03125
0.0703125
0.0703125
0.078125
0.0859375
0.09375
0.0546875
0
0
0
0
0.09375
0.234375
0.234375
0.101562
0.0078125
0.0078125
0.0078125
0.0078125
0.0078125
0
-0.015625
-0.078125
-0.164062
-0.148438
-0.0390625
0.0546875
0.0859375
0.0546875
0.0546875
0.0859375
0.0703125
0.03125
-0.0078125
-0.0546875
-0.125
-0.125
-0.101562
-0.0625
0.03125
0.1875
0.195312
0.0859375
0.0078125
0.0078125
0.0078125
0.0078125
0.0078125
0
0
-0.109375
-0.234375
-0.15625
-0.0390625
0.09375
0.148438
0.0546875
0.015625
0.0625
0.0625
-0.0078125
-0.0625
-0.117188
-0.15625
-0.15625
-0.117188
-0.0546875
0.015625
0.140625
0.15625
0.0546875
0.0078125
0.0078125
0.0078125
0.0078125
0.0078125
0.0078125
0.0078125
-0.148438
-0.28125
-0.1875
-0.0546875
0.101562
0.148438
0.03125
-0.015625
0.0234375
0.0703125
0.0546875
0.046875
0.0078125
-0.0078125
-0.015625
-0.0078125
-0.0078125
0.015625
0.101562
0.109375
0.03125
0.0078125
0.0078125
0.0078125
0.0078125
0.0078125
0.0078125
0.03125
-0.140625
-0.304688
-0.25
-0.109375
0.0546875
0.0625
-0.0234375
-0.0546875
0
0.0703125
0.101562
0.101562
0.0859375
0.0703125
0.046875
-0.0078125
-0.0390625
0.015625
0.078125
0.0546875
0.015625
0.0078125
0.0078125
0.0078125
0.0078125
0.0078125
0.0078125
0.046875
-0.0703125
-0.25
-0.273438
-0.210938
-0.078125
-0.0390625
-0.0390625
-0.0390625
0
0.0625
0.046875
0.0234375
0.03125
0.0390625
0
-0.0625
-0.0546875
0.015625
0.0546875
0.0234375
0.0078125
0.0078125
0.0078125
0.0078125
0.0078125
0.0078125
0.0078125
0.0234375
-0.0078125
-0.125
-0.210938
-0.234375
-0.21875
-0.179688
-0.132812
-0.101562
-0.046875
-0.0234375
-0.046875
-0.078125
-0.0859375
-0.078125
-0.0703125
-0.0546875
-0.0078125
0.0390625
0.03125
0.0078125
0.0078125
0.0078125
0.0078125
0.0078125
0.0078125
0.0078125
0.0078125
0.0078125
0.0078125
-0.0390625
-0.09375
-0.125
-0.148438
-0.171875
-0.171875
-0.171875
-0.15625
-0.125
-0.109375
-0.109375
-0.125
-0.101562
-0.046875
0
0.0234375
0.0234375
0.0078125
0.0078125
0.0078125
0.0078125
0.0078125
0.0078125
0.0078125
0.0078125
0.0078125
0.0078125
0.0078125
-0.0078125
-0.0390625
-0.046875
-0.0625
-0.078125
-0.078125
-0.0703125
-0.0703125
-0.046875
-0.0390625
-0.046875
-0.0625
-0.03125
0.0078125
0.0234375
0.015625
0.0078125
0.0078125
0.0078125
0.0078125
0.0078125
0.0078125
0.0078125
0.0078125
0.0078125
0.0078125
0.0078125
0.0078125
0.0078125
0
-0.0078125
-0.0390625
-0.046875
-0.0390625
-0.0390625
-0.03125
-0.0078125
-0.0078125
-0.0078125
-0.015625
0
0.015625
0.0078125
0.0078125
0.0078125
0.0078125
0.0078125
0.0078125
0.0078125
0.0078125
0.0078125
0.0078125
0.0078125
0.0078125
0.0078125
0.0078125
0.0078125
0.0078125
0.0078125
0.0078125
0.0078125
0.0078125
0.0078125
0.0078125
0.0078125
0.0078125
0.0078125
0.0078125
0.0078125
0.0078125
0.0078125
0.0078125
0.0078125
0.0078125
0.0078125
0.0078125
0.0078125
0.0078125
0.0078125
0.0078125
0.0078125
0.0078125
0.0078125
0.0078125
0.0078125
0.0078125
0.0078125
0.0078125
0.0078125
0.0078125
0.0078125
0.0078125
0.0078125
0.0078125
0.0078125
0.0078125
0.0078125
0.0078125
0.0078125
0.0078125
0.0078125
0.0078125
0.0078125
0.0078125
0.0078125
0.0078125
0.0078125
0.0078125
0.0078125
0.0078125
0.0078125
0.0078125
0.0078125
0.0078125
0.0078125
0.0078125
0.0078125
0.0078125
0.0078125
0.0078125
0.0078125
0.0078125
0.0078125
0.0078125
0.0078125
0.0078125
0.0078125
0.0078125
0.0078125
0.0078125
0.0078125
0.0078125
0.0078125
0.0078125
0.0078125
0.0078125
0.0078125
0.0078125
0.0078125
0.0078125
0.0078125
0.0078125
0.0078125
0.0078125
0.0078125
0.0078125
0.0078125
0.0078125
0.0078125
0.0078125
0.0078125
0.0078125
0.0078125
0.0078125
0.0078125
0.0078125
0.0078125
0.0078125
0.0078125
0.0078125
0.0078125
0.0078125
0.0078125
0.0078125
0.0078125
0.0078125
0.0078125
0.0078125
0.0078125
0.0078125
0.0078125
0.0078125
0.0078125
0.0078125
0.0078125
0.0078125
0.0078125
0.0078125
0.0390625
0.226562
0.523438
0.585938
0.179688
-0.289062
-0.328125
-0.125
0.0078125
0.0078125
0.0078125
0.0078125
0.0078125
0.0078125
0.0078125
0.0078125
0.0078125
0.0078125
0.0078125
0.0078125
0.0078125
0.0078125
0.0078125
0.0078125
0.0078125
0.0078125
0.046875
0.203125
0.554688
1.03906
1.34375
1.15625
0.398438
-0.46875
-0.710938
-0.359375
0.0078125
0.0078125
0.0078125
0.0078125
0.0078125
0.0078125
0.0078125
0.0078125
0.0078125
0.0078125
0.0078125
0.0078125
0.0078125
0.0078125
0.0078125
0.0078125
0.046875
0.210938
0.546875
0.96875
1.36719
1.75781
2.03906
1.74219
0.71875
-0.359375
-0.632812
-0.289062
0.0078125
0.0078125
0.0078125
0.0078125
0.0078125
0.0078125
0.0078125
0.0078125
0.0078125
0.0078125
0.0078125
0.0078125
0.0078125
0.015625
0.078125
0.234375
0.546875
0.9375
1.35938
1.6875
2.02344
2.3125
2.41406
2.01562
1.10156
0.203125
-0.171875
-0.109375
0.0078125
0.0078125
0.0078125
0.0078125
0.0078125
0.0078125
0.0078125
0.0078125
0.0078125
0.0078125
0.0078125
0.015625
0.109375
0.382812
0.734375
1.00781
1.21875
1.60938
2.03125
2.39062
2.66406
2.60938
2.32031
1.92188
1.41406
0.640625
0.117188
0
0.0078125
0.0078125
0.0078125
0.0078125
0.0078125
0.0078125
0.0078125
0.0078125
0.0078125
0.0078125
0.0078125
0.0390625
0.265625
0.742188
1.26562
1.71094
2.125
2.64062
2.95312
3.10938
2.91406
2.30469
1.71875
1.41406
1
0.460938
0.117188
0.015625
0.0078125
0.0078125
0.0078125
0.0078125
0.0078125
0.0078125
0.0078125
0.0078125
0.0078125
0.0078125
0.0078125
0.0546875
0.3125
0.859375
1.64062
2.58594
3.38281
3.8125
3.6875
3.23438
2.38281
1.50781
1.13281
0.75
0.367188
0.109375
0.0234375
0.0078125
0.0078125
0.0078125
0.0078125
0.0078125
0.0078125
0.0078125
0.0078125
0.0078125
0.0078125
0.0078125
0.0078125
0.03125
0.226562
0.867188
2.04688
3.35938
4.16406
4.21094
3.54688
2.57031
1.54688
0.835938
0.546875
0.210938
0.0546875
0.0078125
0.0078125
0.0078125
0.0078125
0.0078125
0.0078125
0.0078125
0.0078125
0.0078125
0.0078125
0.0078125
0.0078125
0.0078125
0.0078125
0.03125
0.335938
1.22656
2.5
3.57812
4.03906
3.75781
2.78125
1.67188
0.835938
0.382812
0.164062
0.03125
0.0078125
0.0078125
0.0078125
0.0078125
0.0078125
0.0078125
0.0078125
0.0078125
0.0078125
0.0078125
0.0078125
0.0078125
0.0078125
0.0078125
0.03125
0.265625
0.921875
1.82812
2.61719
3.21875
3.35156
2.78125
1.86719
1.125
0.40625
0.117188
0.03125
0.0078125
0.0078125
0.0078125
0.0078125
0.0078125
0.0078125
0.0078125
0.0078125
0.0078125
0.0078125
0.0078125
0.0078125
0.0078125
0.0078125
0.03125
0.273438
0.96875
1.85938
2.54688
2.95312
3.09375
2.65625
1.85156
1.24219
0.71875
0.171875
0.03125
0.03125
0.0390625
0.03125
0.0078125
0
-0.0078125
0
0.0078125
0.0078125
0.0078125
0.0078125
0.0078125
0.0078125
0.0078125
0.0078125
0.109375
0.671875
1.77344
2.82812
3.32031
3.28906
2.78125
1.79688
1
0.71875
0.34375
0.132812
0.328125
0.617188
0.6875
0.445312
0.1875
-0.125
-0.375
-0.328125
-0.0234375
0.0078125
0.0078125
0.0078125
0.0078125
0.0078125
0.0078125
0.015625
0.265625
1.21875
2.625
3.67969
3.67188
3.08594
2.15625
1.11719
0.4375
0.40625
0.414062
0.625
1.07031
1.38281
1.45312
1.08594
0.695312
0.0859375
-0.5625
-0.695312
-0.265625
0
0.0078125
0.0078125
0.0078125
0.0078125
0.0078125
0.078125
0.640625
1.90625
3.39062
3.97656
3.375
2.42188
1.48438
0.953125
0.625
0.8125
0.945312
1.25
1.71094
2.15625
2.36719
2.1875
1.82812
0.976562
-0.21875
-0.859375
-0.617188
-0.0078125
0.0078125
0.0078125
0.0078125
0.0078125
0.0078125
0.242188
1.17969
2.65625
3.91406
3.74219
2.73438
1.82812
1.42188
1.54688
1.30469
1.4375
1.61719
1.875
2.35156
2.9375
3.29688
3.28125
3.16406
2.10938
0.320312
-0.804688
-0.710938
-0.015625
0.0078125
0.0078125
0.0078125
0.0078125
0.015625
0.421875
1.69531
3.33594
4.25781
3.50781
2.375
1.64062
1.76562
2.28125
1.9375
1.88281
1.98438
2.32031
2.92188
3.46094
4
4.23438
4.26562
2.84375
0.71875
-0.601562
-0.460938
0
0.0078125
0.0078125
0.0078125
0.0078125
0.0234375
0.546875
2.14844
3.96875
4.60938
3.53125
2.49219
1.90625
2.28125
2.86719
2.45312
2.1875
2.19531
2.66406
3.05469
3.50781
4.07812
4.36719
4.00781
2.55469
0.726562
-0.289062
-0.164062
0
0.0078125
0.0078125
0.0078125
0.0078125
0.0234375
0.578125
2.25781
4.1875
4.82812
3.90625
2.89062
2.50781
3.00781
3.45312
3.07812
2.60938
2.35938
2.47656
2.64844
3.0625
3.57812
3.72656
3.0625
1.78125
0.5625
0
-0.0078125
0.0078125
0.0078125
0.0078125
0.0078125
0.0078125
0.0234375
0.460938
1.9375
3.88281
4.84375
4.46875
3.53125
3.25
3.67188
3.88281
3.46094
2.80469
2.375
2.25781
2.33594
2.57031
2.74219
2.64062
2.14844
1.25781
0.429688
0.0703125
0.0078125
0.0078125
0.0078125
0.0078125
0.0078125
0.0078125
0.0078125
0.25
1.375
3.0625
4.20312
4.45312
4.17969
4.10156
4.14062
4.03906
3.57031
2.88281
2.46094
2.42969
2.45312
2.32031
2.16406
1.96875
1.61719
0.875
0.257812
0.0390625
0.0078125
0.0078125
0.0078125
0.0078125
0.0078125
0.0078125
0.0078125
0.09375
0.726562
1.9375
3.07031
3.72656
3.97656
4.05469
3.96875
3.77344
3.41406
3.00781
2.82031
2.875
2.8125
2.46875
2.03125
1.55469
1.03125
0.421875
0.101562
0.015625
0.0078125
0.0078125
0.0078125
0.0078125
0.0078125
0.0078125
0.0078125
0.0234375
0.21875
0.84375
1.70312
2.42188
2.89062
3.15625
3.20312
3.11719
2.9375
2.70312
2.55469
2.53906
2.41406
1.99219
1.38281
0.8125
0.390625
0.109375
0.015625
0.0078125
0.0078125
0.0078125
0.0078125
0.0078125
0.0078125
0.0078125
0.0078125
0.0078125
0.03125
0.234375
0.625
1.08594
1.51562
1.82812
1.95312
1.94531
1.83594
1.61719
1.44531
1.39844
1.32031
1.00781
0.539062
0.195312
0.0546875
0.0078125
0.0078125
0.0078125
0.0078125
0.0078125
0.0078125
0.0078125
0.0078125
0.0078125
0.0078125
0.0078125
0.0078125
0.015625
0.0703125
0.21875
0.460938
0.671875
0.765625
0.78125
0.710938
0.570312
0.460938
0.414062
0.375
0.234375
0.078125
0.015625
0.0078125
0.0078125
0.0078125
0.0078125
0.0078125
0.0078125
0.0078125
0.0078125
0.0078125
0.0078125
0.0078125
0.0078125
0.0078125
0.0078125
0.0078125
0.0078125
0.0078125
0.0078125
0.0078125
0.0078125
0.0078125
0.0078125
0.0078125
0.0078125
0.0078125
0.0078125
0.0078125
0.0078125
0.0078125
0.0078125
0.0078125
0.0078125
0.0078125
0.0078125
0.0078125
0.0078125
0.0078125
0.0078125
0.0078125
0.0078125
0.0078125
0.0078125
0.0078125
0.0078125
0.0078125
0.0078125
0.0078125
0.0078125
0.0078125
0.0078125
0.0078125
0.0078125
0.0078125
0.0078125
0.0078125
0.0078125
0.0078125
0.0078125
0.0078125
0.0078125
0.0078125
0.0078125
0.0078125
0.0078125
0.0078125
0.0078125
0.0078125
0.0078125
0.0078125
0.0078125
0.0078125
0.0078125
0.0078125
0.0078125
0.0078125
0.0078125
0.0078125
0.0078125
0.0078125
0.0078125
0.0078125
0.0078125
0.0078125
0.0078125
0.0078125
0.0078125
0.0078125
0.0078125
0.0078125
0.0078125
0.0078125
0.0078125
0.0078125
0.0078125
0.0078125
0.0078125
0.0078125
0.0078125
0.0078125
0.0078125
0.0078125
0.0078125
0.0078125
0.0078125
0.0078125
0.0078125
0.0078125
0.0078125
0.0078125
0.0078125
0.0078125
0.0078125
0.0078125
0.0078125
0.0078125
0.0078125
0.0078125
0.0078125
0.0078125
0.0625
0.0625
0.0625
0.0625
0.0625
0.0625
0.0625
0.0625
0.0625
0.0625
0.0625
0.0625
0.0625
0.0625
0.0625
0.0625
0.109375
0.21875
0.335938
0.382812
0.34375
0.257812
0.148438
0.078125
0.0625
0.0625
0.0625
0.0625
0.0625
0.0625
0.0625
0.0625
0.0625
0.0625
0.0625
0.0625
0.0625
0.0625
0.0625
0.0625
0.0625
0.0625
0.101562
0.195312
0.359375
0.578125
0.75
0.78125
0.648438
0.453125
0.257812
0.117188
0.0625
0.0625
0.0625
0.0625
0.0625
0.0625
0.0625
0.0625
0.0625
0.0625
0.0625
0.0625
0.0625
0.0625
0.0625
0.0625
0.101562
0.203125
0.359375
0.554688
0.734375
0.828125
0.789062
0.664062
0.5
0.34375
0.203125
0.101562
0.0625
0.0625
0.0625
0.0625
0.0625
0.0625
0.0625
0.0625
0.0625
0.0625
0.0625
0.0625
0.0625
0.078125
0.117188
0.210938
0.367188
0.554688
0.726562
0.835938
0.796875
0.601562
0.296875
0.015625
-0.09375
-0.0390625
0.0390625
0.0625
0.0625
0.0625
0.0625
0.0625
0.0625
0.0625
0.0625
0.0625
0.0625
0.0625
0.0625
0.078125
0.148438
0.28125
0.4375
0.617188
0.765625
0.84375
0.820312
0.703125
0.414062
0
-0.382812
-0.5625
-0.492188
-0.296875
-0.0859375
0.03125
0.0625
0.0625
0.0625
0.0625
0.0625
0.0625
0.0625
0.0625
0.0625
0.0625
0.0625
0.078125
0.171875
0.296875
0.453125
0.601562
0.679688
0.648438
0.515625
0.210938
-0.164062
-0.484375
-0.648438
-0.617188
-0.421875
-0.195312
-0.0390625
0.03125
0.0625
0.0625
0.0625
0.0625
0.0625
0.0625
0.0625
0.0625
0.0625
0.0625
0.0625
0.0625
0.0703125
0.0625
0.132812
0.234375
0.28125
0.234375
0.03125
-0.257812
-0.515625
-0.609375
-0.53125
-0.34375
-0.148438
-0.0234375
0.03125
0.0546875
0.0625
0.0625
0.0625
0.0625
0.0625
0.0625
0.0625
0.0625
0.0625
0.0625
0.0625
0.046875
0
-0.03125
-0.0078125
0
-0.0234375
-0.09375
-0.304688
-0.515625
-0.5625
-0.445312
-0.265625
-0.0859375
0
0.046875
0.0625
0.0625
0.0625
0.0625
0.0625
0.0625
0.0625
0.0625
0.0625
0.0625
0.0625
0.0625
0.0625
0.0703125
0.109375
0.179688
0.210938
0.148438
0
-0.242188
-0.476562
-0.53125
-0.40625
-0.234375
-0.0703125
0.015625
0.0546875
0.0625
0.0625
0.0625
0.0625
0.0625
0.0625
0.0625
0.0625
0.0625
0.0625
0.0625
0.0625
0.0625
0.101562
0.234375
0.421875
0.5625
0.53125
0.273438
-0.078125
-0.429688
-0.554688
-0.460938
-0.242188
-0.0703125
0.015625
0.0546875
0.0625
0.0625
0.0625
0.0625
0.0625
0.0625
0.0625
0.0625
0.0625
0.0625
0.0625
0.0625
0.0625
0.09375
0.242188
0.460938
0.632812
0.640625
0.414062
0
-0.375
-0.585938
-0.515625
-0.3125
-0.109375
0.0078125
0.0703125
0.078125
0.078125
0.078125
0.0703125
0.0625
0.0625
0.0625
0.0625
0.0625
0.0625
0.0625
0.0625
0.0625
0.0625
0.132812
0.335938
0.507812
0.539062
0.414062
0.0859375
-0.296875
-0.507812
-0.492188
-0.359375
-0.148438
0.0625
0.242188
0.390625
0.5
0.554688
0.476562
0.351562
0.21875
0.125
0.0625
0.0625
0.0625
0.0625
0.0625
0.0625
0.0625
0.0703125
0.195312
0.351562
0.382812
0.25
0.03125
-0.28125
-0.460938
-0.445312
-0.257812
-0.046875
0.15625
0.390625
0.609375
0.78125
0.890625
0.953125
0.851562
0.648438
0.429688
0.234375
0.101562
0.0625
0.0625
0.0625
0.0625
0.0625
0.0625
0.140625
0.296875
0.359375
0.257812
0
-0.273438
-0.46875
-0.375
-0.09375
0.21875
0.484375
0.679688
0.789062
0.828125
0.820312
0.8125
0.835938
0.820312
0.695312
0.539062
0.328125
0.164062
0.0625
0.0625
0.0625
0.0625
0.0625
0.0625
0.210938
0.351562
0.328125
0.179688
-0.101562
-0.304688
-0.242188
0.0390625
0.390625
0.710938
0.867188
0.875
0.789062
0.640625
0.453125
0.328125
0.3125
0.375
0.359375
0.367188
0.296875
0.164062
0.0625
0.0625
0.0625
0.0625
0.0625
0.0625
0.226562
0.289062
0.226562
0.09375
-0.078125
-0.0546875
0.1875
0.46875
0.632812
0.6875
0.5625
0.328125
0.078125
-0.164062
-0.289062
-0.304688
-0.21875
-0.132812
-0.0625
0.0234375
0.109375
0.101562
0.0625
0.0625
0.0625
0.0625
0.0625
0.0625
0.171875
0.148438
0.0625
0
0.046875
0.234375
0.476562
0.578125
0.476562
0.257812
-0.046875
-0.320312
-0.5
-0.5625
-0.492188
-0.351562
-0.265625
-0.320312
-0.289062
-0.203125
-0.0546875
0.015625
0.0546875
0.0625
0.0625
0.0625
0.0625
0.0625
0.0546875
-0.0078125
-0.109375
-0.101562
0.109375
0.328125
0.445312
0.359375
0.164062
0
-0.0859375
-0.125
-0.15625
-0.101562
-0.0390625
-0.0625
-0.226562
-0.429688
-0.421875
-0.28125
-0.117188
0
0.0546875
0.0625
0.0625
0.0625
0.0625
0.0546875
-0.0625
-0.1875
-0.296875
-0.242188
0
0.171875
0.21875
0.125
0.0546875
0.101562
0.25
0.398438
0.460938
0.460938
0.304688
0
-0.359375
-0.539062
-0.453125
-0.25
-0.0703125
0.0234375
0.0546875
0.0625
0.0625
0.0625
0.0625
0.0546875
-0.109375
-0.304688
-0.523438
-0.570312
-0.390625
-0.195312
-0.0703125
-0.0234375
0.0234375
0.101562
0.226562
0.328125
0.34375
0.226562
-0.03125
-0.367188
-0.601562
-0.554688
-0.359375
-0.148438
-0.0078125
0.046875
0.0625
0.0625
0.0625
0.0625
0.0625
0.0546875
-0.0625
-0.273438
-0.546875
-0.773438
-0.820312
-0.726562
-0.648438
-0.59375
-0.53125
-0.515625
-0.492188
-0.492188
-0.5
-0.601562
-0.695312
-0.71875
-0.609375
-0.414062
-0.1875
-0.03125
0.03125
0.0546875
0.0625
0.0625
0.0625
0.0625
0.0625
0.0546875
0.015625
-0.125
-0.34375
-0.59375
-0.8125
-0.9375
-0.976562
-0.984375
-0.976562
-0.960938
-0.929688
-0.914062
-0.914062
-0.882812
-0.765625
-0.570312
-0.335938
-0.148438
-0.0234375
0.03125
0.0546875
0.0625
0.0625
0.0625
0.0625
0.0625
0.0625
0.0625
0.0546875
0
-0.101562
-0.25
-0.4375
-0.625
-0.757812
-0.828125
-0.828125
-0.78125
-0.710938
-0.640625
-0.601562
-0.523438
-0.382812
-0.203125
-0.0625
0.0078125
0.046875
0.0546875
0.0625
0.0625
0.0625
0.0625
0.0625
0.0625
0.0625
0.0625
0.0625
0.0546875
0.046875
0
-0.078125
-0.171875
-0.25
-0.304688
-0.3125
-0.273438
-0.21875
-0.179688
-0.148438
-0.09375
-0.0390625
0
0.0390625
0.0546875
0.0625
0.0625
0.0625
0.0625
0.0625
0.0625
0.0625
0.0625
0.0625
0.0625
0.0625
0.0625
0.0625
0.0625
0.0625
0.0625
0.0625
0.0625
0.0625
0.0625
0.0625
0.0625
0.0625
0.0625
0.0625
0.0625
0.0625
0.0625
0.0625
0.0625
0.0625
0.0625
0.0625
0.0625
0.0625
0.0625
0.0625
0.0625
0.0625
0.0625
0.0625
0.0625
0.0625
0.0625
0.0625
0.0625
0.0625
0.0625
0.0625
0.0625
0.0625
0.0625
0.0625
0.0625
0.0625
0.0625
0.0625
0.0625
0.0625
0.0625
0.0625
0.0625
0.0625
0.0625
0.0625
0.0625
0.0625
0.0625
0.0625
0.0625
0.0625
0.0625
0.0625
0.0625
0.0625
0.0625
0.0625
0.0625
0.0625
0.0625
0.0625
0.0625
0.0625
0.0625
0.0625
0.0625
0.0625
0.0625
0.0625
0.0625
0.0625
0.0625
0.0625
0.0625
0.0625
0.0625
0.0625
0.0625
0.0625
0.0625
0.0625
0.0625
0.0625
0.0625
0.0625
0.0625
0.0625
0.0625
0.0625
0.0625
0.0625
0.0625
0.0625
0.0625
0.0625
0.0625
0.0625
0.0625
0.21875
0.21875
0.21875
0.21875
0.21875
0.21875
0.21875
0.21875
0.21875
0.21875
0.21875
0.21875
0.21875
0.21875
0.21875
0.210938
0.164062
-0.0625
-0.53125
-1.09375
-1.42188
-1.17969
-0.515625
0.0234375
0.21875
0.21875
0.21875
0.21875
0.21875
0.21875
0.21875
0.21875
0.21875
0.21875
0.21875
0.21875
0.21875
0.21875
0.21875
0.21875
0.21875
0.210938
0.164062
-0.0234375
-0.484375
-1.40625
-2.80469
-3.92188
-3.96094
-2.88281
-1.41406
-0.265625
0.21875
0.21875
0.21875
0.21875
0.21875
0.21875
0.21875
0.21875
0.21875
0.21875
0.21875
0.21875
0.21875
0.21875
0.21875
0.210938
0.15625
-0.03125
-0.492188
-1.35938
-2.52344
-3.60156
-4.39062
-4.65625
-3.99219
-2.46094
-0.90625
-0.03125
0.21875
0.21875
0.21875
0.21875
0.21875
0.21875
0.21875
0.21875
0.21875
0.21875
0.21875
0.21875
0.21875
0.203125
0.125
-0.09375
-0.570312
-1.42188
-2.53906
-3.61719
-4.13281
-3.79688
-2.82812
-1.60938
-0.414062
0.5
0.679688
0.398438
0.21875
0.21875
0.21875
0.21875
0.21875
0.21875
0.21875
0.21875
0.21875
0.21875
0.21875
0.195312
0.0859375
-0.242188
-0.898438
-1.84375
-2.89062
-3.71875
-4.17969
-4.03906
-3.0625
-1.22656
1.03906
2.89062
3.47656
2.78125
1.5625
0.59375
0.21875
0.21875
0.21875
0.21875
0.21875
0.21875
0.21875
0.21875
0.21875
0.21875
0.21875
0.203125
0.0390625
-0.546875
-1.50781
-2.51562
-3.23438
-3.42188
-3.05469
-1.90625
-0.171875
1.88281
3.73438
4.49219
3.72656
2.33594
1.11719
0.429688
0.21875
0.21875
0.21875
0.21875
0.21875
0.21875
0.21875
0.21875
0.21875
0.21875
0.21875
0.25
0.335938
0.25
-0.0078125
-0.375
-0.820312
-1.01562
-0.585938
0.65625
2.17188
3.60156
4.16406
3.29688
1.96875
0.9375
0.398438
0.234375
0.21875
0.21875
0.21875
0.21875
0.21875
0.21875
0.21875
0.21875
0.21875
0.21875
0.21875
0.3125
0.71875
1.22656
1.59375
1.48438
0.929688
0.632812
1.07031
2.17969
3.24219
3.60938
2.86719
1.53906
0.632812
0.289062
0.21875
0.21875
0.21875
0.21875
0.21875
0.21875
0.21875
0.21875
0.21875
0.21875
0.21875
0.21875
0.21875
0.296875
0.625
0.835938
0.8125
0.429688
0.1875
0.765625
1.83594
2.82812
3.28906
2.67188
1.42969
0.539062
0.242188
0.21875
0.21875
0.21875
0.21875
0.21875
0.21875
0.21875
0.21875
0.21875
0.21875
0.21875
0.21875
0.21875
0.179688
-0.0078125
-0.5
-1.39062
-2.01562
-1.78125
-0.515625
1.32031
2.83594
3.35156
2.70312
1.53125
0.539062
0.242188
0.21875
0.21875
0.21875
0.21875
0.21875
0.21875
0.21875
0.21875
0.21875
0.21875
0.21875
0.21875
0.21875
0.179688
-0.0234375
-0.695312
-1.84375
-2.83594
-2.66406
-1.20312
0.992188
2.96094
3.71094
3.10156
1.75
0.695312
0.210938
0.15625
0.125
0.117188
0.132812
0.164062
0.195312
0.21875
0.21875
0.21875
0.21875
0.21875
0.21875
0.21875
0.21875
0.164062
-0.210938
-1.14844
-2.15625
-2.42188
-1.42188
0.5
2.44531
3.55469
3.29688
2.02344
0.796875
-0.0703125
-0.75
-1.46094
-2.03906
-2.09375
-1.67969
-1.03125
-0.320312
0.164062
0.21875
0.21875
0.21875
0.21875
0.21875
0.21875
0.203125
0.15625
-0.125
-0.828125
-1.3125
-0.820312
0.5625
2.04688
3.0625
2.90625
1.83594
0.421875
-0.578125
-1.72656
-3.05469
-4.14844
-4.8125
-4.79688
-3.97656
-2.59375
-1.19531
-0.164062
0.210938
0.21875
0.21875
0.21875
0.21875
0.210938
0.140625
0.0390625
-0.164062
-0.570312
-0.53125
0.742188
2.14844
2.67188
2.35938
0.820312
-0.96875
-2.375
-3.11719
-3.76562
-4.35938
-4.64062
-4.71875
-4.85156
-4.55469
-3.35156
-1.89844
-0.609375
0.1875
0.21875
0.21875
0.21875
0.21875
0.210938
0.109375
-0.109375
-0.398438
-0.671875
-0.296875
1.29688
2.15625
1.71094
0.0859375
-2.35156
-3.91406
-4.48438
-4.28125
-3.60938
-2.8125
-2.07031
-1.6875
-2.10156
-2.85938
-2.60156
-1.53906
-0.507812
0.1875
0.21875
0.21875
0.21875
0.21875
0.210938
0.273438
0.078125
-0.335938
-0.476562
-0.257812
0.78125
0.71875
-0.609375
-2.51562
-3.99219
-3.8125
-2.78125
-1.11719
0.507812
1.71094
2.375
2.25
1.16406
-0.398438
-0.742188
-0.179688
0.203125
0.21875
0.21875
0.21875
0.21875
0.21875
0.226562
0.648438
0.773438
0.414062
0.226562
-0.289062
-0.335938
-1.05469
-2.29688
-3.02344
-2.41406
-0.585938
1.44531
3.26562
4.09375
4.19531
3.71094
2.67188
1.60156
0.867188
1.01562
1.23438
0.828125
0.242188
0.21875
0.21875
0.21875
0.21875
0.25
1.10156
1.54688
1.34375
1.05469
-0.0703125
-0.960938
-1.49219
-1.82031
-1.42188
-0.0703125
1.25781
2.08594
2.47656
2.34375
1.96875
1.53906
1.26562
1.44531
1.94531
2.35156
1.85938
0.851562
0.234375
0.21875
0.21875
0.21875
0.21875
0.265625
1.34375
2.3125
2.48438
2.1875
0.867188
-0.351562
-0.609375
-0.398438
-0.109375
0.09375
-0.226562
-0.984375
-1.54688
-1.75781
-1.41406
-0.539062
0.945312
2.35156
3.09375
2.67969
1.51562
0.515625
0.21875
0.21875
0.21875
0.21875
0.21875
0.257812
1.29688
2.73438
3.63281
3.76562
3.04688
1.9375
1.1875
0.773438
0.3125
-0.25
-1.01562
-1.75
-2.07812
-1.78906
-0.703125
1.10156
2.96875
3.82031
3.33594
2.05469
0.867188
0.289062
0.21875
0.21875
0.21875
0.21875
0.21875
0.242188
0.953125
2.35938
3.82812
4.84375
5.21094
4.78125
4.03125
3.49219
2.99219
2.6875
2.60156
2.64062
2.78125
3.13281
3.78125
4.5
4.53125
3.66406
2.28125
1.07031
0.390625
0.21875
0.21875
0.21875
0.21875
0.21875
0.21875
0.21875
0.4375
1.34375
2.6875
4.10938
5.29688
5.92188
6.03125
6.05469
6.04688
6
6.03906
6.07812
6.02344
5.75
5.30469
4.51562
3.25781
1.92188
0.929688
0.390625
0.21875
0.21875
0.21875
0.21875
0.21875
0.21875
0.21875
0.21875
0.21875
0.546875
1.23438
2.22656
3.375
4.42188
5.15625
5.64062
5.75
5.52344
5.19531
4.86719
4.5625
4.04688
3.25
2.25
1.26562
0.5625
0.289062
0.21875
0.21875
0.21875
0.21875
0.21875
0.21875
0.21875
0.21875
0.21875
0.21875
0.226562
0.296875
0.578125
1.10938
1.75781
2.34375
2.74219
2.80469
2.5625
2.23438
1.92188
1.67969
1.34375
0.992188
0.625
0.351562
0.21875
0.21875
0.21875
0.21875
0.21875
0.21875
0.21875
0.21875
0.21875
0.21875
0.21875
0.21875
0.21875
0.21875
0.21875
0.21875
0.21875
0.21875
0.21875
0.21875
0.21875
0.21875
0.21875
0.21875
0.21875
0.21875
0.21875
0.21875
0.21875
0.21875
0.21875
0.21875
0.21875
0.21875
0.21875
0.21875
0.21875
0.21875
0.21875
0.21875
0.21875
0.21875
0.21875
0.21875
0.21875
0.21875
0.21875
0.21875
0.21875
0.21875
0.21875
0.21875
0.21875
0.21875
0.21875
0.21875
0.21875
0.21875
0.21875
0.21875
0.21875
0.21875
0.21875
0.21875
0.21875
0.21875
0.21875
0.21875
0.21875
0.21875
0.21875
0.21875
0.21875
0.21875
0.21875
0.21875
0.21875
0.21875
0.21875
0.21875
0.21875
0.21875
0.21875
0.21875
0.21875
0.21875
0.21875
0.21875
0.21875
0.21875
0.21875
0.21875
0.21875
0.21875
0.21875
0.21875
0.21875
0.21875
0.21875
0.21875
0.21875
0.21875
0.21875
0.21875
0.21875
0.21875
0.21875
0.21875
0.21875
0.21875
0.21875
0.21875
0.21875
0.21875
0.21875
0.21875
0.21875
0.21875
0.21875
